3 0.029232 -0.587053 0.682249
3 0.029232 -0.587053 0.682249
3 0.029232 -0.587053 0.682249
3 0.029232 -0.587053 0.682249
3 0.029232 -0.587053 0.682249
3 0.029232 -0.587053 0.682249
3 0.029232 -0.587053 0.682249
3 0.029232 -0.587053 0.682249
4 0.029232 -0.587053 0.682249
4 0.029232 -0.587053 0.682249
4 0.029232 -0.587053 0.682249
4 0.029232 -0.587053 0.682249
4 0.029232 -0.587053 0.682249
4 0.029232 -0.587053 0.682249
4 0.029232 -0.587053 0.682249
4 0.029232 -0.587053 0.682249
4 0.029232 -0.587053 0.682249
4 0.029232 -0.587053 0.682249
4 0.029232 -0.587053 0.682249
4 0.029232 -0.587053 0.682249
4 0.029232 -0.587053 0.682249
4 0.029232 -0.587053 0.682249
4 0.029232 -0.587053 0.682249
4 0.029232 -0.587053 0.682249
4 0.029232 -0.587053 0.682424
4 0.029298 -0.586999 0.682598
5 0.029365 -0.586946 0.681551
5 0.029332 -0.586972 0.679806
5 0.029332 -0.586972 0.674570
5 0.029298 -0.586999 0.664098
5 0.029466 -0.586868 0.656418
5 0.029432 -0.586894 0.642107
5 0.029432 -0.586894 0.636173
5 0.029227 -0.587046 0.614705
5 0.029087 -0.587144 0.597426
5 0.029440 -0.586904 0.578751
5 0.029833 -0.586648 0.563567
5 0.030626 -0.586146 0.547684
5 0.030844 -0.586013 0.540354
5 0.031502 -0.585618 0.528137
5 0.031834 -0.585425 0.514174
5 0.031834 -0.585425 0.509462
5 0.032057 -0.585300 0.491659
5 0.031982 -0.585340 0.471064
5 0.032020 -0.585321 0.465654
5 0.031868 -0.585397 0.450469
6 0.031829 -0.585416 0.429351
6 0.031752 -0.585452 0.422544
6 0.032724 -0.585014 0.401077
6 0.032920 -0.584931 0.391128
6 0.033748 -0.584590 0.375420
6 0.035256 -0.583995 0.359887
6 0.035775 -0.583800 0.355000
6 0.037734 -0.583074 0.342434
6 0.038337 -0.582859 0.339641
6 0.041232 -0.581836 0.328820
6 0.042039 -0.581561 0.324457
6 0.044384 -0.580772 0.313636
6 0.046452 -0.580101 0.304211
6 0.048161 -0.579565 0.292517
6 0.048651 -0.579417 0.286758
6 0.050860 -0.578766 0.273668
6 0.053201 -0.578109 0.255516
6 0.054273 -0.577829 0.250280
6 0.057000 -0.577131 0.240681
6 0.058118 -0.576857 0.238063
6 0.062097 -0.575892 0.230383
6 0.063426 -0.575580 0.228813
6 0.066665 -0.574825 0.224973
7 0.069908 -0.574083 0.218515
7 0.072156 -0.573584 0.210836
7 0.073032 -0.573397 0.204378
7 0.074660 -0.573059 0.190241
7 0.076042 -0.572793 0.177325
7 0.077428 -0.572545 0.161443
7 0.077722 -0.572497 0.156731
7 0.078101 -0.572437 0.140150
7 0.078397 -0.572395 0.122522
7 0.078609 -0.572369 0.098960
7 0.078863 -0.572344 0.079936
7 0.079841 -0.572266 0.058119
7 0.080650 -0.572218 0.039095
7 0.082312 -0.572153 0.023387
7 0.084401 -0.572105 0.006283
7 0.085168 -0.572100 0.001047
7 0.087471 -0.572097 -0.016232
7 0.090584 -0.572148 -0.029147
8 0.094421 -0.572260 -0.042237
8 0.098937 -0.572451 -0.050964
8 0.104090 -0.572713 -0.056549
8 0.105794 -0.572810 -0.056549
8 0.111244 -0.573118 -0.058294
8 0.115884 -0.573389 -0.058818
8 0.117417 -0.573479 -0.059167
8 0.121376 -0.573714 -0.061087
8 0.125249 -0.573951 -0.069813
8 0.126611 -0.574046 -0.073827
8 0.130864 -0.574361 -0.085347
8 0.135878 -0.574790 -0.092502
8 0.141440 -0.575306 -0.091630
8 0.146621 -0.575782 -0.091106
8 0.148405 -0.575945 -0.090932
8 0.153841 -0.576440 -0.092677
8 0.160975 -0.577105 -0.094248
8 0.165136 -0.577498 -0.094422
8 0.169339 -0.577896 -0.094422
9 0.172650 -0.578210 -0.094248
9 0.175368 -0.578466 -0.099484
9 0.177617 -0.578691 -0.104545
9 0.178889 -0.578824 -0.117286
9 0.179948 -0.578949 -0.130202
9 0.180667 -0.579043 -0.144688
9 0.180920 -0.579080 -0.148877
9 0.181510 -0.579169 -0.164061
9 0.182184 -0.579280 -0.185703
9 0.182687 -0.579375 -0.205076
9 0.183021 -0.579444 -0.229511
9 0.183311 -0.579512 -0.251327
9 0.184137 -0.579724 -0.273668
9 0.185041 -0.579978 -0.293215
9 0.186592 -0.580446 -0.315032
9 0.187200 -0.580644 -0.319919
9 0.189346 -0.581355 -0.334405
9 0.191642 -0.582153 -0.353080
10 0.195323 -0.583510 -0.366868
10 0.198707 -0.584810 -0.383623
10 0.202501 -0.586349 -0.396190
10 0.204783 -0.587303 -0.406138
10 0.206820 -0.588179 -0.421846
10 0.209077 -0.589192 -0.440870
10 0.209887 -0.589574 -0.445408
10 0.211965 -0.590566 -0.463734
10 0.214902 -0.592035 -0.477348
10 0.218462 -0.593877 -0.493230
10 0.222219 -0.595896 -0.504226
10 0.226811 -0.598430 -0.511731
10 0.228373 -0.599307 -0.514698
10 0.232939 -0.601890 -0.517839
10 0.237756 -0.604634 -0.520632
10 0.239236 -0.605482 -0.521155
10 0.244303 -0.608391 -0.523948
10 0.249029 -0.611122 -0.525868
10 0.250726 -0.612107 -0.527264
11 0.255332 -0.614789 -0.529358
11 0.260302 -0.617697 -0.532325
11 0.265005 -0.620467 -0.535118
11 0.269884 -0.623359 -0.538609
11 0.274131 -0.625897 -0.539830
11 0.277569 -0.627957 -0.540528
11 0.278776 -0.628682 -0.542099
11 0.280712 -0.629848 -0.548208
11 0.282787 -0.631115 -0.560949
11 0.284195 -0.631999 -0.574737
11 0.285341 -0.632741 -0.592365
11 0.285553 -0.632884 -0.596903
11 0.286505 -0.633531 -0.609818
11 0.287030 -0.633898 -0.627969
11 0.287306 -0.634098 -0.634078
11 0.287752 -0.634427 -0.654673
11 0.288429 -0.634946 -0.673697
11 0.288529 -0.635026 -0.681202
11 0.289258 -0.635617 -0.707731
11 0.289744 -0.636032 -0.728151
12 0.290253 -0.636486 -0.752586
12 0.290782 -0.636982 -0.772134
12 0.291088 -0.637280 -0.795696
12 0.291147 -0.637340 -0.803375
12 0.291532 -0.637739 -0.827112
12 0.291706 -0.637928 -0.834442
12 0.292135 -0.638402 -0.858178
12 0.292247 -0.638531 -0.865334
12 0.293132 -0.639570 -0.888722
12 0.293777 -0.640364 -0.914029
12 0.295001 -0.641952 -0.934449
12 0.295431 -0.642535 -0.944572
12 0.297006 -0.644712 -0.961851
12 0.298445 -0.646775 -0.980526
12 0.300876 -0.650434 -0.999376
12 0.303114 -0.653913 -1.016305
12 0.305561 -0.657865 -1.025730
12 0.308612 -0.662898 -1.032013
12 0.311435 -0.667620 -1.034806
13 0.314441 -0.672679 -1.035155
13 0.317270 -0.677447 -1.036551
13 0.320006 -0.682072 -1.041438
13 0.320954 -0.683691 -1.044754
13 0.323652 -0.688338 -1.051561
13 0.324625 -0.690041 -1.053830
13 0.327408 -0.694935 -1.056797
13 0.328351 -0.696606 -1.057844
13 0.331072 -0.701437 -1.060288
13 0.334010 -0.706683 -1.064651
13 0.336408 -0.711010 -1.067618
13 0.338609 -0.715007 -1.072854
13 0.339199 -0.716094 -1.075646
13 0.341104 -0.719621 -1.085595
13 0.342715 -0.722677 -1.102874
13 0.343331 -0.723895 -1.108110
13 0.344834 -0.726909 -1.125563
13 0.346708 -0.730835 -1.139176
13 0.348742 -0.735251 -1.151394
13 0.351103 -0.740548 -1.158550
14 0.353461 -0.745940 -1.161517
14 0.355736 -0.751183 -1.163262
14 0.356496 -0.752945 -1.163960
14 0.358842 -0.758389 -1.166927
14 0.361037 -0.763526 -1.168672
14 0.363307 -0.768863 -1.171116
14 0.365464 -0.773970 -1.174258
14 0.367622 -0.779123 -1.178446
14 0.368323 -0.780818 -1.180366
14 0.370628 -0.786418 -1.181413
14 0.372749 -0.791586 -1.182984
14 0.375505 -0.798338 -1.186300
14 0.377776 -0.803951 -1.188220
14 0.378413 -0.805534 -1.189267
14 0.380716 -0.811273 -1.190315
14 0.382790 -0.816460 -1.194154
14 0.383559 -0.818403 -1.194852
14 0.385610 -0.823600 -1.197994
14 0.386309 -0.825387 -1.198343
15 0.388357 -0.830630 -1.200088
15 0.390459 -0.836036 -1.201834
15 0.391166 -0.837866 -1.203055
15 0.393328 -0.843477 -1.205848
15 0.394013 -0.845270 -1.206721
15 0.396139 -0.850849 -1.210560
15 0.396770 -0.852525 -1.210909
15 0.398903 -0.858193 -1.212829
15 0.400920 -0.863585 -1.215273
15 0.403013 -0.869222 -1.217891
15 0.403706 -0.871103 -1.219636
15 0.405848 -0.876949 -1.221730
15 0.407846 -0.882439 -1.224523
15 0.409916 -0.888176 -1.226966
15 0.410591 -0.890063 -1.227839
15 0.412699 -0.895967 -1.229235
15 0.414728 -0.901673 -1.230283
15 0.416793 -0.907501 -1.234995
15 0.418788 -0.913219 -1.241453
15 0.420719 -0.918868 -1.246340
15 0.421399 -0.920889 -1.247038
16 0.423285 -0.926509 -1.247910
16 0.425193 -0.932212 -1.251576
16 0.427013 -0.937718 -1.252797
16 0.428920 -0.943511 -1.252099
16 0.430697 -0.948897 -1.256986
16 0.432553 -0.954617 -1.260651
16 0.434453 -0.960546 -1.261699
16 0.436270 -0.966234 -1.263269
16 0.438064 -0.971883 -1.265364
16 0.438705 -0.973917 -1.265713
16 0.440511 -0.979652 -1.268854
16 0.442300 -0.985393 -1.268854
16 0.444024 -0.990931 -1.270076
16 0.445818 -0.996715 -1.273043
16 0.447557 -1.002382 -1.273916
16 0.449354 -1.008254 -1.274963
16 0.451156 -1.014169 -1.277232
16 0.452798 -1.019599 -1.278977
17 0.453423 -1.021682 -1.279501
17 0.455113 -1.027319 -1.279501
17 0.456938 -1.033405 -1.280548
17 0.458647 -1.039126 -1.282119
17 0.460371 -1.044931 -1.283166
17 0.462186 -1.051065 -1.286308
17 0.462736 -1.052948 -1.286308
17 0.464484 -1.058924 -1.288053
17 0.466197 -1.064821 -1.290322
17 0.466776 -1.066829 -1.291369
17 0.468446 -1.072650 -1.293638
17 0.470208 -1.078844 -1.296082
17 0.470728 -1.080691 -1.296605
17 0.472472 -1.086890 -1.298525
17 0.474158 -1.092928 -1.300445
17 0.474727 -1.094983 -1.300968
17 0.476262 -1.100532 -1.302539
17 0.476725 -1.102218 -1.303586
17 0.478246 -1.107771 -1.303063
17 0.479509 -1.112377 -1.301143
17 0.479907 -1.113816 -1.301492
18 0.480917 -1.117474 -1.299572
18 0.481191 -1.118460 -1.298699
18 0.481856 -1.120843 -1.292067
18 0.482430 -1.122852 -1.279675
18 0.482785 -1.124037 -1.261000
18 0.482915 -1.124443 -1.254368
18 0.483367 -1.125821 -1.236740
18 0.483507 -1.126224 -1.228537
18 0.483736 -1.126866 -1.212480
18 0.484065 -1.127745 -1.193456
18 0.484127 -1.127904 -1.189791
18 0.484254 -1.128220 -1.177225
18 0.484352 -1.128457 -1.171814
18 0.484568 -1.128968 -1.144238
18 0.484691 -1.129239 -1.136384
18 0.484978 -1.129858 -1.115964
18 0.485540 -1.131008 -1.095194
18 0.486439 -1.132752 -1.072505
18 0.486724 -1.133276 -1.061335
18 0.488118 -1.135770 -1.045627
18 0.489593 -1.138316 -1.031839
18 0.490315 -1.139524 -1.025032
19 0.491931 -1.142185 -1.013513
19 0.492608 -1.143271 -1.009673
19 0.495104 -1.147243 -0.996758
19 0.495776 -1.148281 -0.993616
19 0.498615 -1.152641 -0.985064
19 0.501467 -1.156941 -0.979828
19 0.504699 -1.161757 -0.976512
19 0.505654 -1.163171 -0.976512
19 0.508830 -1.167870 -0.975465
19 0.511843 -1.172319 -0.973021
19 0.512923 -1.173906 -0.970403
19 0.515862 -1.178198 -0.967960
19 0.516950 -1.179779 -0.966738
19 0.520051 -1.184272 -0.964120
19 0.527470 -1.194904 -0.955219
19 0.530622 -1.199360 -0.951903
19 0.533838 -1.203876 -0.947365
19 0.534859 -1.205296 -0.946143
19 0.538151 -1.209862 -0.942827
20 0.541458 -1.214417 -0.940034
20 0.542640 -1.216036 -0.938638
20 0.545740 -1.220268 -0.935147
20 0.548955 -1.224626 -0.932006
20 0.552363 -1.229214 -0.928864
20 0.555554 -1.233483 -0.925025
20 0.559096 -1.238183 -0.922756
20 0.562417 -1.242569 -0.918567
20 0.563608 -1.244129 -0.917869
20 0.566457 -1.247855 -0.915076
20 0.567550 -1.249274 -0.914727
20 0.570177 -1.252687 -0.913854
20 0.572677 -1.255929 -0.908618
20 0.573543 -1.257039 -0.907571
20 0.575879 -1.260030 -0.903208
20 0.578783 -1.263714 -0.896925
20 0.579875 -1.265080 -0.895703
21 0.583419 -1.269508 -0.890816
21 0.588386 -1.275638 -0.887849
21 0.592100 -1.280203 -0.886627
21 0.593313 -1.281690 -0.885755
21 0.601860 -1.292109 -0.879646
21 0.610579 -1.302607 -0.873188
21 0.614223 -1.306954 -0.872316
21 0.619193 -1.312860 -0.869523
21 0.623155 -1.317552 -0.867080
21 0.624397 -1.319015 -0.866905
21 0.628344 -1.323664 -0.864811
21 0.629506 -1.325027 -0.864636
21 0.633021 -1.329148 -0.863065
21 0.634157 -1.330476 -0.863240
21 0.637484 -1.334365 -0.860098
21 0.640321 -1.337662 -0.853641
21 0.642844 -1.340555 -0.847008
21 0.643522 -1.341322 -0.842296
21 0.645310 -1.343327 -0.827810
21 0.646926 -1.345085 -0.810880
22 0.648424 -1.346662 -0.789238
22 0.648755 -1.346995 -0.783653
22 0.649842 -1.348079 -0.763058
22 0.650613 -1.348816 -0.742812
22 0.651461 -1.349594 -0.720123
22 0.651942 -1.350016 -0.698306
22 0.652628 -1.350592 -0.672301
22 0.653362 -1.351176 -0.649786
22 0.654177 -1.351796 -0.626224
22 0.654971 -1.352370 -0.602488
22 0.655182 -1.352515 -0.595681
22 0.655782 -1.352922 -0.568279
22 0.657051 -1.353709 -0.517665
22 0.657903 -1.354194 -0.494975
22 0.658466 -1.354498 -0.473857
22 0.659111 -1.354829 -0.444884
22 0.659804 -1.355159 -0.421322
23 0.660582 -1.355508 -0.395317
23 0.661450 -1.355865 -0.360760
23 0.662088 -1.356105 -0.336150
23 0.662733 -1.356331 -0.310843
23 0.663626 -1.356617 -0.284489
23 0.664158 -1.356773 -0.258832
23 0.664982 -1.356991 -0.228115
23 0.665647 -1.357146 -0.203156
23 0.666232 -1.357266 -0.177675
23 0.666358 -1.357289 -0.172264
23 0.666904 -1.357384 -0.151146
23 0.667410 -1.357461 -0.132820
23 0.667875 -1.357523 -0.120428
23 0.668510 -1.357600 -0.110130
23 0.669230 -1.357680 -0.099484
23 0.669400 -1.357696 -0.095470
23 0.669910 -1.357745 -0.089012
23 0.670122 -1.357764 -0.084474
24 0.670122 -1.357764 -0.083427
24 0.670122 -1.357764 -0.082903
24 0.670122 -1.357764 -0.083078
24 0.670122 -1.357764 -0.083078
24 0.670122 -1.357764 -0.083078
24 0.670122 -1.357764 -0.083078
24 0.670122 -1.357764 -0.083078
24 0.670122 -1.357764 -0.083078
24 0.670122 -1.357764 -0.083078
24 0.670080 -1.357761 -0.082903
24 0.670122 -1.357764 -0.082205
24 0.670122 -1.357764 -0.078889
24 0.670122 -1.357764 -0.077493
24 0.670122 -1.357764 -0.069639
24 0.670122 -1.357764 -0.066497
24 0.670165 -1.357767 -0.057945
24 0.670207 -1.357769 -0.044506
24 0.670292 -1.357773 -0.027751
24 0.670250 -1.357772 -0.017453
24 0.670378 -1.357774 0.000873
24 0.670420 -1.357774 0.016057
25 0.670378 -1.357775 0.036303
25 0.670378 -1.357775 0.042935
25 0.670420 -1.357773 0.067544
25 0.670420 -1.357773 0.085347
25 0.670335 -1.357780 0.104720
25 0.670378 -1.357776 0.125140
25 0.670547 -1.357755 0.147131
25 0.670674 -1.357736 0.156382
25 0.670842 -1.357709 0.171915
25 0.670884 -1.357702 0.189194
25 0.670842 -1.357710 0.194255
25 0.670758 -1.357726 0.208916
25 0.670592 -1.357762 0.220610
25 0.670633 -1.357753 0.223402
25 0.670550 -1.357771 0.230383
25 0.670509 -1.357781 0.232652
25 0.670467 -1.357791 0.233176
25 0.670467 -1.357791 0.234049
25 0.670467 -1.357791 0.233874
25 0.670467 -1.357791 0.233700
26 0.670467 -1.357791 0.233700
26 0.670467 -1.357791 0.233700
26 0.670384 -1.357811 0.234049
26 0.670343 -1.357821 0.235270
26 0.670343 -1.357821 0.236667
26 0.670384 -1.357811 0.242252
26 0.670260 -1.357841 0.252549
26 0.670260 -1.357841 0.262148
26 0.670219 -1.357852 0.280649
26 0.670260 -1.357841 0.286583
26 0.670137 -1.357877 0.302815
26 0.670137 -1.357877 0.307527
26 0.670056 -1.357903 0.311192
26 0.670015 -1.357916 0.315905
26 0.670015 -1.357916 0.316254
26 0.670056 -1.357902 0.316254
26 0.670056 -1.357902 0.316254
27 0.670056 -1.357902 0.316254
27 0.670056 -1.357902 0.316254
27 0.670056 -1.357902 0.316254
27 0.670056 -1.357902 0.316254
27 0.670056 -1.357902 0.316254
27 0.670056 -1.357902 0.316254
27 0.670056 -1.357902 0.316254
27 0.670258 -1.357836 0.316254
27 0.670339 -1.357810 0.315905
27 0.671069 -1.357571 0.315206
27 0.671758 -1.357346 0.315556
27 0.673339 -1.356830 0.315206
27 0.675366 -1.356169 0.315206
27 0.676340 -1.355852 0.315556
27 0.679096 -1.354952 0.316952
27 0.682662 -1.353782 0.316428
27 0.686553 -1.352508 0.316603
27 0.691214 -1.350981 0.319395
27 0.696072 -1.349374 0.319046
28 0.700527 -1.347903 0.319570
28 0.705102 -1.346389 0.319221
28 0.711580 -1.344246 0.319919
28 0.716235 -1.342703 0.320268
28 0.721011 -1.341119 0.319221
28 0.722469 -1.340637 0.319570
28 0.727449 -1.338989 0.320093
28 0.728947 -1.338493 0.319395
28 0.733724 -1.336913 0.320268
28 0.738622 -1.335288 0.319046
28 0.740202 -1.334767 0.319395
28 0.745182 -1.333120 0.319570
28 0.749838 -1.331579 0.319919
28 0.751538 -1.331016 0.320093
28 0.756476 -1.329379 0.318872
28 0.761498 -1.327721 0.319919
28 0.763239 -1.327144 0.319395
28 0.768057 -1.325551 0.320268
28 0.773036 -1.323899 0.319046
29 0.777976 -1.322267 0.320442
29 0.783035 -1.320588 0.319395
29 0.788097 -1.318914 0.319919
29 0.792954 -1.317305 0.320093
29 0.798055 -1.315614 0.320617
29 0.814889 -1.310015 0.323060
29 0.819742 -1.308390 0.323933
29 0.829688 -1.305053 0.324806
29 0.834780 -1.303339 0.324108
29 0.839672 -1.301695 0.326377
29 0.844600 -1.300027 0.326900
29 0.846215 -1.299479 0.327773
29 0.851343 -1.297736 0.327773
30 0.856309 -1.296047 0.329518
30 0.861434 -1.294295 0.328995
30 0.866559 -1.292545 0.330391
30 0.876564 -1.289114 0.329518
30 0.881608 -1.287389 0.331438
30 0.886568 -1.285682 0.331438
30 0.888302 -1.285085 0.331962
30 0.897615 -1.281874 0.333532
30 0.901241 -1.280617 0.334580
30 0.904826 -1.279371 0.338419
30 0.907481 -1.278436 0.346971
30 0.908203 -1.278175 0.352207
30 0.911646 -1.276910 0.364774
30 0.914952 -1.275647 0.375595
30 0.916301 -1.275116 0.378562
30 0.920264 -1.273539 0.385543
30 0.925085 -1.271583 0.390954
30 0.926780 -1.270884 0.391826
31 0.931786 -1.268816 0.391826
31 0.937264 -1.266552 0.391826
31 0.938920 -1.265868 0.392001
31 0.944201 -1.263685 0.392350
31 0.945974 -1.262951 0.391652
31 0.950941 -1.260900 0.392525
31 0.956418 -1.258633 0.392175
31 0.957994 -1.257981 0.392699
31 0.963628 -1.255647 0.392350
31 0.968633 -1.253576 0.393397
31 0.970563 -1.252775 0.393048
31 0.975684 -1.250652 0.393048
31 0.981435 -1.248267 0.392874
31 0.983051 -1.247597 0.393397
31 0.988486 -1.245341 0.393746
31 0.990337 -1.244573 0.393572
31 0.995497 -1.242430 0.394095
31 1.000931 -1.240170 0.394270
31 1.002703 -1.239433 0.394270
31 1.008254 -1.237123 0.394095
31 1.009948 -1.236419 0.394619
31 1.015656 -1.234042 0.395666
31 1.017309 -1.233352 0.395841
32 1.022700 -1.231099 0.395492
32 1.027737 -1.228996 0.396015
32 1.033167 -1.226726 0.396364
32 1.034740 -1.226067 0.397062
32 1.040443 -1.223676 0.397586
32 1.045633 -1.221496 0.398633
32 1.047716 -1.220619 0.398459
32 1.054554 -1.217738 0.399506
32 1.059780 -1.215532 0.400553
32 1.061586 -1.214767 0.400902
32 1.067201 -1.212387 0.401775
32 1.072461 -1.210153 0.401426
32 1.077682 -1.207936 0.402298
32 1.079565 -1.207135 0.402647
32 1.085019 -1.204812 0.402997
32 1.090511 -1.202471 0.402647
32 1.092355 -1.201685 0.403520
32 1.097532 -1.199475 0.404742
32 1.099335 -1.198702 0.404567
32 1.104550 -1.196470 0.404742
32 1.106470 -1.195647 0.404393
33 1.111998 -1.193281 0.405091
33 1.117603 -1.190878 0.404218
33 1.122857 -1.188630 0.404393
33 1.128346 -1.186281 0.405265
33 1.130149 -1.185507 0.405091
33 1.135832 -1.183070 0.404742
33 1.137714 -1.182264 0.404742
33 1.142771 -1.180098 0.404742
33 1.144299 -1.179443 0.404916
33 1.149278 -1.177310 0.405615
33 1.154644 -1.174999 0.408407
33 1.158088 -1.173508 0.414690
33 1.160976 -1.172237 0.424115
33 1.163580 -1.171061 0.439998
33 1.164506 -1.170625 0.444535
33 1.167240 -1.169323 0.457102
33 1.168158 -1.168871 0.463210
33 1.171821 -1.167042 0.474206
33 1.175425 -1.165192 0.487994
33 1.179908 -1.162813 0.496721
34 1.184632 -1.160252 0.499688
34 1.190097 -1.157268 0.501957
34 1.195705 -1.154191 0.500211
34 1.200607 -1.151511 0.500386
34 1.202104 -1.150693 0.501259
34 1.206816 -1.148111 0.502306
34 1.210554 -1.146058 0.501084
34 1.213509 -1.144439 0.500735
34 1.216651 -1.142719 0.500909
34 1.218521 -1.141695 0.501084
34 1.219195 -1.141327 0.501608
34 1.221214 -1.140219 0.501608
34 1.222336 -1.139604 0.501782
34 1.222896 -1.139297 0.502131
34 1.222710 -1.139399 0.501433
34 1.222710 -1.139399 0.501259
34 1.223121 -1.139174 0.501433
34 1.223121 -1.139174 0.501957
34 1.223869 -1.138763 0.501433
34 1.224579 -1.138374 0.501608
35 1.226262 -1.137451 0.502655
35 1.226785 -1.137164 0.503004
35 1.229102 -1.135889 0.502829
35 1.232054 -1.134265 0.503353
35 1.233361 -1.133545 0.503527
35 1.236723 -1.131693 0.504575
35 1.238104 -1.130931 0.504924
35 1.242247 -1.128641 0.505447
35 1.243478 -1.127959 0.505796
35 1.247918 -1.125500 0.507716
35 1.252017 -1.123220 0.508589
35 1.256562 -1.120686 0.507891
35 1.260623 -1.118426 0.509287
35 1.262075 -1.117615 0.509985
35 1.266393 -1.115200 0.509462
35 1.272087 -1.112014 0.511032
35 1.276328 -1.109637 0.512603
35 1.280750 -1.107148 0.512429
35 1.285025 -1.104743 0.513650
35 1.289408 -1.102271 0.511905
36 1.293795 -1.099806 0.514174
36 1.298288 -1.097268 0.513650
36 1.299662 -1.096492 0.514349
36 1.304043 -1.094017 0.515221
36 1.308274 -1.091621 0.516268
36 1.312947 -1.088969 0.516268
36 1.317472 -1.086400 0.517141
36 1.322105 -1.083765 0.516094
36 1.326593 -1.081218 0.518188
36 1.331002 -1.078705 0.517490
36 1.335598 -1.076089 0.517665
36 1.337154 -1.075202 0.517316
36 1.341787 -1.072566 0.518712
36 1.346417 -1.069923 0.517665
36 1.351012 -1.067306 0.518886
36 1.355641 -1.064663 0.518188
36 1.360346 -1.061980 0.518363
36 1.361939 -1.061072 0.518014
37 1.366682 -1.058369 0.519235
37 1.371384 -1.055681 0.518363
37 1.372977 -1.054773 0.518886
37 1.377680 -1.052087 0.518363
37 1.382533 -1.049319 0.519061
37 1.384125 -1.048409 0.518188
37 1.389015 -1.045621 0.518886
37 1.393940 -1.042808 0.519235
37 1.395495 -1.041919 0.519410
37 1.400271 -1.039189 0.519061
37 1.401938 -1.038237 0.517839
37 1.406718 -1.035514 0.518188
37 1.411571 -1.032746 0.518363
37 1.413164 -1.031838 0.519061
37 1.418052 -1.029045 0.518014
37 1.419571 -1.028180 0.518188
37 1.424535 -1.025349 0.518537
37 1.426091 -1.024461 0.518363
37 1.430795 -1.021778 0.519585
37 1.435645 -1.019004 0.520108
37 1.440381 -1.016291 0.520806
37 1.441972 -1.015379 0.520632
37 1.446781 -1.012621 0.521330
38 1.451589 -1.009860 0.521853
38 1.456247 -1.007181 0.522203
38 1.457874 -1.006246 0.522203
38 1.462494 -1.003587 0.523075
38 1.467370 -1.000775 0.523773
38 1.472171 -0.998002 0.523773
38 1.477009 -0.995208 0.524646
38 1.481770 -0.992452 0.523424
38 1.486646 -0.989638 0.524646
38 1.491444 -0.986861 0.524646
38 1.496058 -0.984191 0.524646
38 1.497682 -0.983251 0.524821
38 1.502627 -0.980388 0.525868
38 1.507607 -0.977498 0.526042
38 1.512438 -0.974693 0.524821
38 1.517642 -0.971680 0.525868
38 1.522400 -0.968918 0.525170
38 1.527308 -0.966075 0.524646
39 1.532549 -0.963041 0.524995
39 1.536940 -0.960498 0.524471
39 1.538306 -0.959707 0.524297
39 1.542109 -0.957509 0.523075
39 1.545544 -0.955527 0.519410
39 1.546507 -0.954977 0.517141
39 1.548916 -0.953606 0.505273
39 1.549887 -0.953070 0.500909
39 1.553178 -0.951268 0.489216
39 1.556792 -0.949344 0.475777
39 1.558157 -0.948640 0.473159
39 1.562712 -0.946308 0.468097
39 1.564615 -0.945346 0.465828
39 1.569721 -0.942780 0.466003
39 1.575474 -0.939886 0.466701
39 1.580615 -0.937296 0.466527
39 1.582634 -0.936279 0.466177
39 1.587853 -0.933653 0.466352
39 1.589720 -0.932713 0.466177
39 1.595129 -0.929992 0.467399
39 1.600345 -0.927359 0.466701
40 1.601983 -0.926534 0.467050
40 1.607314 -0.923846 0.466177
40 1.609028 -0.922983 0.466701
40 1.614512 -0.920220 0.466527
40 1.619654 -0.917631 0.467574
40 1.621634 -0.916631 0.467574
40 1.626469 -0.914190 0.467748
40 1.628334 -0.913248 0.467923
40 1.633662 -0.910555 0.468272
40 1.635337 -0.909708 0.468446
40 1.640930 -0.906878 0.469319
40 1.646103 -0.904254 0.469319
40 1.651010 -0.901766 0.469843
40 1.658233 -0.898096 0.471239
40 1.663705 -0.895308 0.470715
40 1.668798 -0.892716 0.471588
40 1.670774 -0.891709 0.471239
40 1.675752 -0.889172 0.471413
40 1.681223 -0.886384 0.471937
40 1.686389 -0.883747 0.472984
41 1.691514 -0.881124 0.473333
41 1.697093 -0.878266 0.472286
41 1.702334 -0.875589 0.472810
41 1.707688 -0.872851 0.473159
41 1.713230 -0.870013 0.473159
41 1.714900 -0.869158 0.473508
41 1.720404 -0.866339 0.473508
41 1.725641 -0.863655 0.473682
41 1.731258 -0.860776 0.473682
41 1.736685 -0.857994 0.473682
41 1.742036 -0.855251 0.474206
41 1.743933 -0.854277 0.473508
41 1.749398 -0.851477 0.473857
41 1.755014 -0.848597 0.472984
41 1.756799 -0.847684 0.473159
41 1.762379 -0.844827 0.472286
41 1.767886 -0.842014 0.472286
41 1.780873 -0.835378 0.472286
42 1.786646 -0.832429 0.472461
42 1.792076 -0.829653 0.472461
42 1.794013 -0.828664 0.472112
42 1.799330 -0.825949 0.472286
42 1.804875 -0.823116 0.472112
42 1.806736 -0.822166 0.472635
42 1.812394 -0.819273 0.472461
42 1.817900 -0.816459 0.473159
42 1.823063 -0.813816 0.473508
42 1.828832 -0.810860 0.473508
42 1.834297 -0.808060 0.474206
42 1.836156 -0.807105 0.474031
42 1.841392 -0.804419 0.474555
42 1.846627 -0.801730 0.475253
42 1.848485 -0.800774 0.475079
42 1.854098 -0.797887 0.475602
42 1.855804 -0.797008 0.475602
42 1.861453 -0.794099 0.475079
42 1.866914 -0.791290 0.475253
42 1.872147 -0.788597 0.475428
43 1.874119 -0.787582 0.475079
43 1.879466 -0.784831 0.476126
43 1.881323 -0.783874 0.476475
43 1.886818 -0.781037 0.476300
43 1.892351 -0.778183 0.475602
43 1.898000 -0.775273 0.475951
43 1.899896 -0.774296 0.475428
43 1.905394 -0.771466 0.476649
43 1.910964 -0.768590 0.476126
43 1.916649 -0.765658 0.476126
43 1.922221 -0.762784 0.476126
43 1.927831 -0.759891 0.475951
43 1.929688 -0.758934 0.476126
43 1.935298 -0.756041 0.475951
43 1.941021 -0.753091 0.475253
43 1.946747 -0.750144 0.475602
43 1.952434 -0.747215 0.475428
43 1.958084 -0.744307 0.474555
43 1.963850 -0.741345 0.474555
44 1.969540 -0.738422 0.475253
44 1.975341 -0.735436 0.474555
44 1.981183 -0.732435 0.474904
44 1.983117 -0.731441 0.474904
44 1.988806 -0.728516 0.474555
44 1.994383 -0.725651 0.474555
44 1.999731 -0.722903 0.474380
44 2.004360 -0.720527 0.474730
44 2.008304 -0.718500 0.479616
44 2.011634 -0.716768 0.486249
44 2.015102 -0.714934 0.498466
44 2.018661 -0.712998 0.512778
44 2.019627 -0.712454 0.516094
44 2.034296 -0.703916 0.535118
44 2.039909 -0.700588 0.535816
44 2.044859 -0.697649 0.535991
44 2.046326 -0.696778 0.535991
45 2.047792 -0.695907 0.536340
45 2.054204 -0.692088 0.542448
45 2.055227 -0.691472 0.545066
45 2.059092 -0.689128 0.553269
45 2.062539 -0.686999 0.567232
45 2.063834 -0.686174 0.571246
45 2.066417 -0.684514 0.579973
45 2.070234 -0.682013 0.588525
45 2.071298 -0.681303 0.590794
45 2.075088 -0.678761 0.601615
45 2.076565 -0.677748 0.607549
45 2.080486 -0.675021 0.614530
45 2.085504 -0.671480 0.619941
45 2.090328 -0.668036 0.623955
45 2.091713 -0.667040 0.623955
45 2.097354 -0.662978 0.624653
45 2.099015 -0.661781 0.624130
45 2.104344 -0.657943 0.624479
45 2.109326 -0.654353 0.624653
45 2.111021 -0.653131 0.625002
45 2.116313 -0.649313 0.625177
46 2.121638 -0.645469 0.625002
46 2.123367 -0.644222 0.624828
46 2.128140 -0.640779 0.625177
46 2.132705 -0.637485 0.625701
46 2.134260 -0.636361 0.626050
46 2.137993 -0.633662 0.628493
46 2.141891 -0.630829 0.633031
46 2.144882 -0.628634 0.644899
46 2.147302 -0.626814 0.656767
46 2.149126 -0.625408 0.673173
46 2.149693 -0.624956 0.678409
46 2.151452 -0.623537 0.698306
46 2.153837 -0.621536 0.721519
46 2.154669 -0.620803 0.728151
46 2.157821 -0.617994 0.745605
46 2.161424 -0.614667 0.758869
46 2.162754 -0.613405 0.762011
46 2.166796 -0.609548 0.770214
46 2.171142 -0.605331 0.775450
47 2.175254 -0.601301 0.779115
47 2.180767 -0.595838 0.786445
47 2.184804 -0.591793 0.790460
47 2.186184 -0.590399 0.793252
47 2.189565 -0.586965 0.798488
47 2.190815 -0.585682 0.800233
47 2.193963 -0.582438 0.808786
47 2.194699 -0.581667 0.811578
47 2.197576 -0.578635 0.822748
47 2.199346 -0.576729 0.840376
47 2.201849 -0.573933 0.855211
47 2.204060 -0.571390 0.877901
47 2.204877 -0.570406 0.883486
47 2.207610 -0.567077 0.898670
47 2.210823 -0.563039 0.911236
47 2.212051 -0.561455 0.914378
47 2.215643 -0.556793 0.922057
47 2.219224 -0.552069 0.925723
47 2.222686 -0.547469 0.929213
47 2.226284 -0.542652 0.933926
47 2.229683 -0.538057 0.938813
48 2.233109 -0.533378 0.944223
48 2.234234 -0.531823 0.946143
48 2.237501 -0.527291 0.952077
48 2.240395 -0.523227 0.956440
48 2.241379 -0.521833 0.959058
48 2.243534 -0.518761 0.971450
48 2.244304 -0.517634 0.975639
48 2.246168 -0.514879 0.989427
48 2.247878 -0.512278 1.007055
48 2.248357 -0.511521 1.013338
48 2.249575 -0.509566 1.032711
48 2.250624 -0.507809 1.054528
48 2.250877 -0.507364 1.060288
48 2.251481 -0.506285 1.083500
48 2.252020 -0.505267 1.108459
48 2.252115 -0.505076 1.116836
48 2.252489 -0.504310 1.147379
48 2.253050 -0.503066 1.170941
48 2.253631 -0.501691 1.195376
48 2.254460 -0.499588 1.215273
48 2.255395 -0.497069 1.237613
49 2.255730 -0.496102 1.244943
49 2.256644 -0.493395 1.263967
49 2.257765 -0.489858 1.284911
49 2.258162 -0.488508 1.290147
49 2.259319 -0.484492 1.306030
49 2.260625 -0.479676 1.322261
49 2.261076 -0.477899 1.325927
49 2.262255 -0.473182 1.334653
49 2.263482 -0.468082 1.342507
49 2.264360 -0.464302 1.349314
49 2.265391 -0.459726 1.363626
49 2.265654 -0.458474 1.368862
49 2.266501 -0.454338 1.384395
49 2.267489 -0.449099 1.399405
49 2.267809 -0.447250 1.402896
49 2.268585 -0.442667 1.408655
49 2.269405 -0.437659 1.413193
49 2.270087 -0.433363 1.426109
49 2.270721 -0.429016 1.441118
49 2.271316 -0.424449 1.457524
50 2.271957 -0.418814 1.468695
50 2.272579 -0.412747 1.475152
50 2.272770 -0.410752 1.476898
50 2.273310 -0.405020 1.479341
50 2.273509 -0.402854 1.480563
50 2.274032 -0.397078 1.485101
50 2.274199 -0.395123 1.487021
50 2.274699 -0.389174 1.491384
50 2.275166 -0.383307 1.498714
50 2.275587 -0.377480 1.504125
50 2.275982 -0.371565 1.508488
50 2.276361 -0.365479 1.512677
50 2.276701 -0.359646 1.518262
50 2.276810 -0.357559 1.519484
50 2.277114 -0.351639 1.523498
50 2.277403 -0.345548 1.528734
50 2.277657 -0.339497 1.532225
50 2.277904 -0.333105 1.538159
50 2.278100 -0.327095 1.542871
51 2.278265 -0.321212 1.545140
51 2.278472 -0.312984 1.549154
51 2.278607 -0.306717 1.555612
51 2.278637 -0.304755 1.557008
51 2.278721 -0.298658 1.561372
51 2.278775 -0.292943 1.564339
51 2.278810 -0.287570 1.568527
51 2.278819 -0.283220 1.580745
51 2.278776 -0.278828 1.590868
51 2.278749 -0.277506 1.595929
51 2.278675 -0.274564 1.609892
51 2.278555 -0.271496 1.627345
51 2.278514 -0.270772 1.633628
51 2.278327 -0.267793 1.652129
51 2.278258 -0.266943 1.657539
51 2.277944 -0.263332 1.681799
51 2.277811 -0.262145 1.688955
51 2.277354 -0.258291 1.706059
51 2.276704 -0.253516 1.720720
51 2.275895 -0.248161 1.732065
52 2.275573 -0.246183 1.737475
52 2.274731 -0.241178 1.744806
52 2.273653 -0.235046 1.753009
52 2.273313 -0.233200 1.755278
52 2.272202 -0.227247 1.761735
52 2.271838 -0.225363 1.763655
52 2.270718 -0.219629 1.768717
52 2.270316 -0.217622 1.771509
52 2.269228 -0.212273 1.778316
52 2.267971 -0.206305 1.786170
52 2.266741 -0.200681 1.792802
52 2.266290 -0.198684 1.795769
52 2.265044 -0.193238 1.803100
52 2.263669 -0.187428 1.808161
52 2.262285 -0.181708 1.814968
52 2.261832 -0.179887 1.816888
52 2.260336 -0.173931 1.821949
52 2.258884 -0.168272 1.828058
52 2.257430 -0.162746 1.836785
52 2.255871 -0.157026 1.842544
52 2.254235 -0.151152 1.850747
53 2.252585 -0.145414 1.856681
53 2.250901 -0.139686 1.859125
53 2.249203 -0.133962 1.862790
53 2.248639 -0.132083 1.864710
53 2.246884 -0.126287 1.871691
53 2.245090 -0.120503 1.876578
53 2.243279 -0.114769 1.881814
53 2.241387 -0.108882 1.886701
53 2.239532 -0.103207 1.891413
53 2.237583 -0.097339 1.895951
53 2.235690 -0.091721 1.898918
53 2.233697 -0.085868 1.904329
53 2.233041 -0.083974 1.905900
53 2.230979 -0.078053 1.909565
53 2.228938 -0.072261 1.913230
53 2.226848 -0.066397 1.916197
53 2.224768 -0.060618 1.919513
53 2.222699 -0.054927 1.923178
54 2.220521 -0.049003 1.927716
54 2.218405 -0.043329 1.931905
54 2.216175 -0.037425 1.936443
54 2.213222 -0.029742 1.942901
54 2.210989 -0.024021 1.948486
54 2.208709 -0.018273 1.953198
54 2.206386 -0.012497 1.957561
54 2.204150 -0.007007 1.962623
54 2.203335 -0.005036 1.965590
54 2.201023 0.000515 1.968731
54 2.198560 0.006372 1.972397
54 2.197760 0.008256 1.973618
54 2.195369 0.013867 1.977633
54 2.194509 0.015864 1.978680
54 2.192090 0.021462 1.983916
54 2.191285 0.023298 1.985661
54 2.188879 0.028762 1.991246
54 2.186285 0.034563 1.997704
54 2.183725 0.040191 2.004162
55 2.182847 0.042088 2.006256
55 2.180293 0.047579 2.008350
55 2.177600 0.053334 2.011143
55 2.174078 0.060773 2.018299
55 2.173229 0.062542 2.020044
55 2.170599 0.067997 2.025978
55 2.166972 0.075385 2.031738
55 2.164089 0.081191 2.036101
55 2.161353 0.086641 2.038021
55 2.160373 0.088583 2.039243
55 2.157600 0.094062 2.041163
55 2.154740 0.099688 2.046224
55 2.151870 0.105262 2.050762
55 2.150886 0.107153 2.051285
55 2.148008 0.112675 2.055474
55 2.145067 0.118259 2.058267
55 2.142111 0.123836 2.060536
55 2.139142 0.129405 2.063503
56 2.136116 0.135041 2.066295
56 2.133095 0.140632 2.068739
56 2.132076 0.142505 2.069960
56 2.129076 0.148009 2.072055
56 2.126022 0.153582 2.073451
56 2.122858 0.159337 2.076942
56 2.119757 0.164931 2.079211
56 2.116685 0.170445 2.081131
56 2.113518 0.176101 2.085145
56 2.110413 0.181596 2.088461
56 2.107248 0.187155 2.092475
56 2.106249 0.188893 2.093522
56 2.103012 0.194509 2.097711
56 2.099839 0.199965 2.100329
56 2.096629 0.205449 2.103471
56 2.093359 0.210996 2.106089
56 2.090052 0.216571 2.108881
56 2.088894 0.218512 2.111848
56 2.085709 0.223813 2.115863
57 2.082503 0.229100 2.117608
57 2.081372 0.230958 2.118655
57 2.078151 0.236237 2.122844
57 2.074707 0.241829 2.128429
57 2.073601 0.243602 2.130000
57 2.070207 0.249024 2.132792
57 2.066776 0.254473 2.135759
57 2.065680 0.256202 2.136283
57 2.062092 0.261856 2.139425
57 2.061105 0.263401 2.139948
57 2.057612 0.268861 2.143788
57 2.054398 0.273842 2.147977
57 2.050861 0.279274 2.151293
57 2.049785 0.280915 2.152515
57 2.046012 0.286651 2.155133
57 2.038945 0.297316 2.158274
57 2.035376 0.302676 2.160718
57 2.031817 0.307992 2.164208
57 2.030553 0.309865 2.165081
57 2.026972 0.315166 2.166303
58 2.023312 0.320567 2.168921
58 2.019686 0.325889 2.170841
58 2.015977 0.331309 2.172062
58 2.012310 0.336655 2.173982
58 2.008561 0.342098 2.175727
58 2.004850 0.347465 2.177647
58 2.001153 0.352790 2.179567
58 1.997373 0.358213 2.181312
58 1.996126 0.359995 2.181312
58 1.992288 0.365481 2.183058
58 1.988513 0.370855 2.184978
58 1.984704 0.376257 2.186898
58 1.980983 0.381513 2.189690
58 1.977099 0.386966 2.192308
58 1.973225 0.392375 2.195275
58 1.969460 0.397599 2.199464
58 1.965723 0.402739 2.201209
58 1.964491 0.404427 2.201733
59 1.960617 0.409730 2.205398
59 1.956749 0.414984 2.208191
59 1.952790 0.420331 2.211158
59 1.949401 0.424879 2.213776
59 1.946051 0.429350 2.216045
59 1.944820 0.430985 2.219535
59 1.942166 0.434486 2.226342
59 1.939411 0.438069 2.236465
59 1.937462 0.440551 2.249380
59 1.936551 0.441680 2.254791
59 1.935231 0.443299 2.275386
59 1.934596 0.444047 2.282542
59 1.933426 0.445403 2.301391
59 1.932373 0.446578 2.328618
59 1.931699 0.447291 2.352180
59 1.930978 0.448017 2.380804
59 1.930389 0.448574 2.395464
59 1.930107 0.448834 2.402620
59 1.929477 0.449409 2.431418
59 1.929089 0.449742 2.440668
60 1.928404 0.450320 2.466150
60 1.927506 0.451040 2.495995
60 1.926722 0.451630 2.520081
60 1.925994 0.452152 2.551148
60 1.925675 0.452365 2.560398
60 1.924784 0.452951 2.585880
60 1.923806 0.453558 2.615201
60 1.923511 0.453729 2.623230
60 1.922696 0.454194 2.651504
60 1.921680 0.454736 2.678731
60 1.921337 0.454908 2.687633
60 1.920455 0.455338 2.715907
60 1.919484 0.455778 2.740341
60 1.918542 0.456178 2.768441
60 1.917629 0.456535 2.796192
60 1.916184 0.457055 2.826037
60 1.914031 0.457743 2.858849
60 1.911902 0.458362 2.884157
60 1.911077 0.458579 2.891487
61 1.908060 0.459350 2.912780
61 1.905195 0.460017 2.936342
61 1.904026 0.460261 2.942800
61 1.901225 0.460825 2.960602
61 1.898246 0.461370 2.982768
61 1.895341 0.461835 3.003014
61 1.892088 0.462289 3.023608
61 1.890733 0.462449 3.030590
61 1.886707 0.462898 3.051185
61 1.882077 0.463318 3.070732
61 1.877270 0.463659 3.081902
61 1.871523 0.464003 3.093422
61 1.866071 0.464265 3.102323
61 1.861384 0.464450 3.109828
61 1.857505 0.464573 3.120300
61 1.853156 0.464665 3.139149
61 1.851748 0.464669 -3.138451
61 1.846546 0.464653 -3.120300
61 1.841046 0.464535 -3.107384
62 1.838915 0.464463 -3.104592
62 1.834909 0.464314 -3.100752
62 1.828900 0.464069 -3.094992
62 1.823022 0.463795 -3.089582
62 1.816974 0.463480 -3.083648
62 1.815058 0.463369 -3.081728
62 1.810291 0.463083 -3.074223
62 1.805525 0.462761 -3.063751
62 1.804420 0.462675 -3.060260
62 1.800084 0.462322 -3.043156
62 1.797198 0.462037 -3.026401
62 1.793513 0.461610 -3.005632
62 1.790048 0.461136 -2.985386
62 1.785625 0.460440 -2.969154
62 1.780625 0.459569 -2.953446
62 1.778740 0.459210 -2.949956
62 1.766737 0.456816 -2.934771
62 1.764775 0.456404 -2.934248
62 1.759350 0.455263 -2.929535
62 1.757682 0.454904 -2.927441
63 1.752682 0.453816 -2.920110
63 1.748355 0.452842 -2.910162
63 1.747027 0.452529 -2.905973
63 1.742258 0.451384 -2.893930
63 1.737338 0.450140 -2.877524
63 1.735444 0.449628 -2.874034
63 1.729768 0.448072 -2.862689
63 1.723660 0.446323 -2.858151
63 1.721653 0.445738 -2.857802
63 1.716413 0.444210 -2.853788
63 1.711547 0.442770 -2.845236
63 1.707631 0.441574 -2.833368
63 1.704015 0.440422 -2.820627
63 1.700049 0.439104 -2.801952
63 1.698923 0.438706 -2.796367
63 1.694188 0.437003 -2.781357
63 1.689239 0.435139 -2.769139
63 1.687292 0.434379 -2.766172
63 1.682412 0.432455 -2.758493
63 1.677231 0.430367 -2.752384
64 1.675929 0.429833 -2.749592
64 1.672500 0.428416 -2.739992
64 1.669281 0.427049 -2.724110
64 1.665305 0.425285 -2.704562
64 1.663837 0.424599 -2.696185
64 1.660180 0.422854 -2.683444
64 1.655935 0.420760 -2.674019
64 1.654831 0.420203 -2.668783
64 1.651528 0.418513 -2.657962
64 1.650697 0.418077 -2.653075
64 1.647910 0.416596 -2.632306
64 1.647017 0.416097 -2.625848
64 1.643752 0.414246 -2.605428
64 1.640526 0.412329 -2.585705
64 1.636288 0.409696 -2.572092
64 1.631942 0.406913 -2.558653
64 1.630162 0.405739 -2.555337
64 1.625295 0.402507 -2.547657
64 1.619781 0.398784 -2.542945
64 1.618231 0.397727 -2.541898
64 1.612915 0.394092 -2.538407
65 1.607858 0.390609 -2.534218
65 1.602780 0.387080 -2.528109
65 1.597724 0.383519 -2.522699
65 1.592792 0.380006 -2.517987
65 1.587495 0.376196 -2.513798
65 1.585976 0.375094 -2.512576
65 1.580976 0.371456 -2.506118
65 1.576274 0.367988 -2.501406
65 1.574462 0.366638 -2.499486
65 1.567844 0.361673 -2.492330
65 1.562714 0.357779 -2.487269
65 1.557808 0.354016 -2.479764
65 1.556058 0.352653 -2.478018
65 1.551523 0.349107 -2.475924
65 1.546525 0.345183 -2.471386
65 1.545121 0.344070 -2.469466
65 1.540049 0.340034 -2.462485
65 1.533585 0.334802 -2.457075
65 1.531900 0.333427 -2.455678
65 1.527115 0.329510 -2.451839
66 1.522148 0.325413 -2.447126
66 1.517363 0.321428 -2.442239
66 1.515699 0.320028 -2.441017
66 1.511102 0.316151 -2.438399
66 1.509313 0.314635 -2.436131
66 1.504670 0.310680 -2.432989
66 1.499684 0.306407 -2.430022
66 1.498133 0.305070 -2.428975
66 1.493422 0.300999 -2.425659
66 1.491781 0.299571 -2.424786
66 1.486991 0.295397 -2.421819
66 1.485355 0.293963 -2.420772
66 1.480646 0.289826 -2.417805
66 1.475852 0.285589 -2.415885
66 1.470972 0.281259 -2.413790
66 1.466132 0.276947 -2.411172
66 1.461367 0.272679 -2.408380
66 1.456519 0.268312 -2.403144
66 1.454973 0.266906 -2.402097
66 1.450216 0.262566 -2.398606
66 1.445567 0.258296 -2.395813
67 1.443938 0.256791 -2.394068
67 1.439310 0.252501 -2.389181
67 1.434577 0.248071 -2.386738
67 1.429918 0.243688 -2.383945
67 1.425302 0.239321 -2.379756
67 1.420704 0.234935 -2.376440
67 1.416183 0.230593 -2.373124
67 1.414558 0.229022 -2.371902
67 1.409994 0.224600 -2.367888
67 1.405205 0.219921 -2.361780
67 1.403901 0.218631 -2.360383
67 1.399329 0.214097 -2.356544
67 1.398001 0.212771 -2.356194
67 1.393388 0.208157 -2.353053
67 1.388969 0.203710 -2.346770
67 1.384399 0.199053 -2.342930
67 1.379965 0.194501 -2.340661
67 1.378422 0.192909 -2.339614
67 1.374152 0.188495 -2.337694
68 1.369802 0.183981 -2.331585
68 1.365333 0.179286 -2.327397
68 1.361176 0.174882 -2.324429
68 1.356536 0.169938 -2.320939
68 1.352146 0.165227 -2.318844
68 1.350579 0.163539 -2.318321
68 1.346317 0.158941 -2.314830
68 1.341898 0.154140 -2.311514
68 1.340431 0.152535 -2.310990
68 1.336030 0.147718 -2.307849
68 1.331731 0.142981 -2.305929
68 1.327383 0.138173 -2.305056
68 1.322868 0.133171 -2.302962
68 1.318507 0.128318 -2.301391
68 1.317055 0.126699 -2.301042
68 1.312617 0.121742 -2.298948
68 1.308304 0.116904 -2.296679
68 1.306775 0.115182 -2.295981
68 1.302447 0.110298 -2.295282
68 1.298038 0.105317 -2.292490
69 1.296573 0.103652 -2.291966
69 1.292209 0.098687 -2.289523
69 1.287800 0.093648 -2.287778
69 1.286371 0.092009 -2.287254
69 1.282058 0.087056 -2.284287
69 1.277815 0.082155 -2.280447
69 1.273509 0.077140 -2.278353
69 1.269157 0.072052 -2.276258
69 1.267719 0.070364 -2.275211
69 1.263383 0.065262 -2.269975
69 1.259376 0.060497 -2.268055
69 1.258007 0.058862 -2.267881
69 1.253845 0.053892 -2.265786
69 1.249530 0.048717 -2.261249
69 1.245538 0.043884 -2.257583
69 1.241454 0.038904 -2.255664
69 1.237165 0.033652 -2.251824
69 1.235930 0.032128 -2.250602
69 1.231721 0.026921 -2.247635
69 1.227821 0.022067 -2.245541
70 1.226383 0.020269 -2.245541
70 1.222413 0.015307 -2.243272
70 1.218375 0.010237 -2.238734
70 1.217107 0.008629 -2.237163
70 1.213048 0.003467 -2.234371
70 1.209134 -0.001539 -2.231927
70 1.204997 -0.006857 -2.230705
70 1.200892 -0.012147 -2.228262
70 1.199615 -0.013801 -2.227738
70 1.195657 -0.018934 -2.225644
70 1.191709 -0.024075 -2.223724
70 1.190361 -0.025837 -2.222502
70 1.186378 -0.031058 -2.220582
70 1.182327 -0.036389 -2.219535
70 1.178591 -0.041317 -2.216743
70 1.175459 -0.045471 -2.216568
70 1.172482 -0.049422 -2.217964
70 1.171531 -0.050681 -2.219884
70 1.169340 -0.053569 -2.222851
70 1.166700 -0.057026 -2.232102
71 1.165836 -0.058137 -2.235941
71 1.163362 -0.061291 -2.244842
71 1.160114 -0.065356 -2.253220
71 1.159038 -0.066680 -2.254267
71 1.155295 -0.071276 -2.256362
71 1.151731 -0.075634 -2.254442
71 1.147314 -0.081056 -2.256013
71 1.146342 -0.082245 -2.256013
71 1.142672 -0.086735 -2.260027
71 1.139960 -0.090026 -2.263867
71 1.138979 -0.091207 -2.265088
71 1.136114 -0.094649 -2.271546
71 1.135481 -0.095398 -2.273291
71 1.132781 -0.098588 -2.276782
71 1.131287 -0.100341 -2.283240
71 1.129921 -0.101922 -2.298250
71 1.129694 -0.102177 -2.304882
71 1.129122 -0.102810 -2.327222
71 1.128449 -0.103523 -2.349911
71 1.127910 -0.104070 -2.370855
72 1.127329 -0.104634 -2.396861
72 1.127172 -0.104779 -2.404017
72 1.126383 -0.105496 -2.426531
72 1.125385 -0.106362 -2.454107
72 1.125121 -0.106579 -2.461089
72 1.124027 -0.107464 -2.473132
72 1.122387 -0.108760 -2.492330
72 1.119839 -0.110693 -2.507689
72 1.118809 -0.111451 -2.515718
72 1.115663 -0.113725 -2.532473
72 1.111851 -0.116384 -2.543294
72 1.107341 -0.119459 -2.550624
72 1.105747 -0.120528 -2.551322
72 1.101212 -0.123566 -2.552893
72 1.096566 -0.126668 -2.553591
72 1.092166 -0.129602 -2.559700
72 1.087463 -0.132695 -2.565809
72 1.082956 -0.135621 -2.569648
72 1.078007 -0.138807 -2.571568
72 1.073376 -0.141775 -2.573139
73 1.068488 -0.144898 -2.576106
73 1.066940 -0.145880 -2.577502
73 1.061930 -0.149050 -2.580993
73 1.057127 -0.152065 -2.584134
73 1.055426 -0.153126 -2.584484
73 1.052132 -0.155178 -2.587102
73 1.047165 -0.158254 -2.590243
73 1.042297 -0.161247 -2.595654
73 1.037304 -0.164281 -2.602286
73 1.032510 -0.167150 -2.607522
73 1.027151 -0.170319 -2.612409
73 1.025604 -0.171223 -2.613456
73 1.020448 -0.174232 -2.617470
73 1.015463 -0.177113 -2.620437
73 1.010211 -0.180128 -2.625499
73 1.005167 -0.182991 -2.630560
73 0.999922 -0.185931 -2.633876
73 0.994928 -0.188710 -2.636494
73 0.989853 -0.191516 -2.640509
74 0.984429 -0.194487 -2.644174
74 0.982818 -0.195362 -2.644697
74 0.977719 -0.198126 -2.646268
74 0.972654 -0.200863 -2.648363
74 0.967282 -0.203750 -2.650981
74 0.962167 -0.206483 -2.653424
74 0.957120 -0.209163 -2.656042
74 0.955309 -0.210119 -2.657787
74 0.950250 -0.212777 -2.660231
74 0.944921 -0.215561 -2.662674
74 0.943331 -0.216386 -2.662849
74 0.937994 -0.219156 -2.665467
74 0.936326 -0.220016 -2.665816
74 0.930943 -0.222790 -2.669481
74 0.929120 -0.223721 -2.670005
74 0.923991 -0.226336 -2.671226
74 0.918935 -0.228907 -2.671052
74 0.913538 -0.231652 -2.673321
74 0.911863 -0.232499 -2.674019
74 0.906305 -0.235306 -2.676462
74 0.901007 -0.237965 -2.678906
75 0.895550 -0.240687 -2.679255
75 0.893832 -0.241543 -2.679255
75 0.888336 -0.244282 -2.683444
75 0.882943 -0.246941 -2.687283
75 0.877655 -0.249524 -2.691996
75 0.872086 -0.252211 -2.694614
75 0.866586 -0.254847 -2.697581
75 0.861002 -0.257504 -2.700373
75 0.855488 -0.260108 -2.701770
75 0.849893 -0.262741 -2.705260
75 0.848115 -0.263570 -2.705784
75 0.842316 -0.266270 -2.708402
75 0.836703 -0.268866 -2.711544
75 0.831277 -0.271355 -2.715209
75 0.825414 -0.274018 -2.718874
75 0.819852 -0.276520 -2.722714
75 0.814203 -0.279035 -2.725506
75 0.808586 -0.281517 -2.727601
76 0.803003 -0.283971 -2.730917
76 0.801048 -0.284822 -2.732487
76 0.795609 -0.287180 -2.734233
76 0.789853 -0.289664 -2.735280
76 0.784486 -0.291973 -2.737025
76 0.778880 -0.294373 -2.738247
76 0.773036 -0.296867 -2.740341
76 0.767775 -0.299099 -2.741040
76 0.762120 -0.301494 -2.741912
76 0.754459 -0.304727 -2.742959
76 0.748878 -0.307078 -2.745577
76 0.743212 -0.309447 -2.746625
76 0.737465 -0.311843 -2.748894
76 0.731792 -0.314193 -2.749592
76 0.726432 -0.316408 -2.750115
76 0.720676 -0.318784 -2.753257
76 0.714835 -0.321174 -2.754828
77 0.709068 -0.323522 -2.756224
77 0.707211 -0.324276 -2.756748
77 0.701361 -0.326645 -2.757620
77 0.695548 -0.328994 -2.759715
77 0.693570 -0.329788 -2.760587
77 0.687671 -0.332151 -2.761111
77 0.681692 -0.334543 -2.761285
77 0.675792 -0.336901 -2.764951
77 0.669962 -0.339207 -2.769488
77 0.664162 -0.341471 -2.774375
77 0.658032 -0.343829 -2.777866
77 0.652134 -0.346074 -2.780135
77 0.649980 -0.346889 -2.780833
77 0.644074 -0.349116 -2.781880
77 0.641999 -0.349897 -2.782753
77 0.636049 -0.352129 -2.784149
77 0.633932 -0.352919 -2.785022
77 0.627937 -0.355152 -2.787465
77 0.621777 -0.357430 -2.791654
77 0.615928 -0.359564 -2.793399
78 0.609915 -0.361747 -2.795319
78 0.603818 -0.363947 -2.798286
78 0.598035 -0.366014 -2.798810
78 0.590323 -0.368764 -2.800206
78 0.584094 -0.370977 -2.803173
78 0.578301 -0.373016 -2.803522
78 0.572629 -0.375010 -2.803697
78 0.566513 -0.377159 -2.804570
78 0.560637 -0.379218 -2.805966
78 0.554758 -0.381269 -2.805617
78 0.548679 -0.383392 -2.807013
78 0.546785 -0.384050 -2.807188
78 0.540662 -0.386178 -2.809980
78 0.534815 -0.388191 -2.810853
78 0.532799 -0.388883 -2.810853
78 0.527031 -0.390864 -2.811551
78 0.521302 -0.392826 -2.812249
79 0.516379 -0.394509 -2.813820
79 0.511776 -0.396074 -2.811376
79 0.508347 -0.397249 -2.809806
79 0.507419 -0.397569 -2.808409
79 0.503107 -0.399061 -2.801253
79 0.499248 -0.400428 -2.790083
79 0.497687 -0.401001 -2.787291
79 0.492127 -0.403057 -2.783626
79 0.490130 -0.403804 -2.783277
79 0.483979 -0.406108 -2.785022
79 0.477825 -0.408400 -2.786418
79 0.471667 -0.410684 -2.785371
79 0.469509 -0.411487 -2.785371
79 0.463434 -0.413748 -2.787465
79 0.461394 -0.414502 -2.788687
79 0.455311 -0.416742 -2.790956
79 0.449504 -0.418866 -2.794621
79 0.447940 -0.419432 -2.795494
79 0.443045 -0.421197 -2.794796
79 0.441521 -0.421748 -2.794098
79 0.437752 -0.423113 -2.788862
79 0.436752 -0.423481 -2.787989
79 0.432671 -0.424987 -2.784149
80 0.428955 -0.426375 -2.771234
80 0.424225 -0.428212 -2.763554
80 0.418755 -0.430384 -2.760587
80 0.412896 -0.432731 -2.760238
80 0.406602 -0.435255 -2.761984
80 0.404582 -0.436061 -2.761460
80 0.398484 -0.438497 -2.762507
80 0.392343 -0.440944 -2.763729
80 0.390401 -0.441715 -2.763729
80 0.384415 -0.444090 -2.764776
80 0.378705 -0.446350 -2.765823
80 0.372398 -0.448838 -2.765823
80 0.366447 -0.451186 -2.767220
80 0.360771 -0.453416 -2.766870
80 0.354739 -0.455789 -2.767569
80 0.348705 -0.458157 -2.768790
80 0.342826 -0.460456 -2.768965
80 0.340761 -0.461263 -2.769663
81 0.334722 -0.463619 -2.770361
81 0.328761 -0.465940 -2.771583
81 0.322717 -0.468284 -2.771234
81 0.316794 -0.470584 -2.772281
81 0.311385 -0.472677 -2.773503
81 0.306133 -0.474703 -2.774550
81 0.301834 -0.476356 -2.772106
81 0.298175 -0.477773 -2.767394
81 0.297342 -0.478100 -2.765649
81 0.294327 -0.479290 -2.755526
81 0.290547 -0.480863 -2.714511
81 0.289926 -0.481145 -2.707529
81 0.288030 -0.482024 -2.685364
81 0.285733 -0.483152 -2.662151
81 0.285014 -0.483525 -2.656391
81 0.282940 -0.484619 -2.639112
81 0.282117 -0.485071 -2.631957
81 0.279251 -0.486673 -2.617121
82 0.276076 -0.488510 -2.598795
82 0.274835 -0.489259 -2.593908
82 0.270793 -0.491724 -2.579946
82 0.269169 -0.492746 -2.577328
82 0.264593 -0.495642 -2.570870
82 0.262870 -0.496748 -2.569648
82 0.258280 -0.499703 -2.566332
82 0.253306 -0.502928 -2.563016
82 0.248593 -0.506006 -2.558827
82 0.247027 -0.507039 -2.557431
82 0.242366 -0.510120 -2.553766
82 0.237611 -0.513289 -2.549926
82 0.235983 -0.514383 -2.548181
82 0.231387 -0.517483 -2.545039
82 0.229764 -0.518585 -2.543817
82 0.225075 -0.521777 -2.541723
82 0.223491 -0.522861 -2.540676
82 0.218672 -0.526164 -2.536662
82 0.213902 -0.529462 -2.533171
82 0.209283 -0.532680 -2.530553
82 0.207676 -0.533805 -2.527935
82 0.202934 -0.537145 -2.524968
83 0.198237 -0.540475 -2.521477
83 0.193413 -0.543919 -2.517463
83 0.191856 -0.545041 -2.516765
83 0.187256 -0.548359 -2.512925
83 0.182668 -0.551694 -2.509434
83 0.177851 -0.555222 -2.503326
83 0.173228 -0.558652 -2.499661
83 0.168753 -0.561997 -2.496519
83 0.163914 -0.565638 -2.491632
83 0.159535 -0.568967 -2.487094
83 0.154967 -0.572472 -2.483254
83 0.153449 -0.573646 -2.482033
83 0.148798 -0.577252 -2.478193
83 0.144329 -0.580745 -2.473481
83 0.139710 -0.584391 -2.468245
83 0.135409 -0.587822 -2.464579
83 0.130789 -0.591535 -2.459693
83 0.126054 -0.595379 -2.453060
84 0.121707 -0.598956 -2.448173
84 0.117017 -0.602854 -2.445904
84 0.115642 -0.604002 -2.445206
84 0.111847 -0.607175 -2.441192
84 0.108325 -0.610143 -2.436654
84 0.107513 -0.610834 -2.437178
84 0.104394 -0.613486 -2.438923
84 0.101497 -0.615937 -2.441890
84 0.099637 -0.617503 -2.449046
84 0.099243 -0.617830 -2.451315
84 0.098026 -0.618834 -2.460216
84 0.097861 -0.618969 -2.468768
84 0.097327 -0.619394 -2.486222
84 0.097158 -0.619524 -2.505595
84 0.097089 -0.619574 -2.512401
84 0.097055 -0.619600 -2.532298
84 0.096810 -0.619770 -2.538930
84 0.094572 -0.621256 -2.582389
84 0.093090 -0.622184 -2.601239
84 0.091225 -0.623302 -2.614678
85 0.090561 -0.623688 -2.620961
85 0.087971 -0.625173 -2.634575
85 0.084653 -0.627016 -2.648014
85 0.080785 -0.629097 -2.655868
85 0.079465 -0.629794 -2.657264
85 0.074898 -0.632197 -2.661802
85 0.070283 -0.634599 -2.663372
85 0.065550 -0.637052 -2.665118
85 0.060586 -0.639614 -2.666339
85 0.055922 -0.642014 -2.667212
85 0.051028 -0.644527 -2.669307
85 0.046243 -0.646972 -2.672448
85 0.041602 -0.649324 -2.674543
85 0.040003 -0.650130 -2.675415
85 0.034974 -0.652661 -2.676811
85 0.030095 -0.655107 -2.678906
85 0.025210 -0.657544 -2.679604
86 0.020400 -0.659939 -2.679604
86 0.015513 -0.662372 -2.682047
86 0.011156 -0.664528 -2.682571
86 0.007256 -0.666456 -2.682746
86 0.004236 -0.667948 -2.688156
86 0.003162 -0.668471 -2.691298
86 0.001051 -0.669492 -2.704911
86 -0.001036 -0.670466 -2.718350
86 -0.001581 -0.670711 -2.722190
86 -0.003294 -0.671475 -2.738247
86 -0.003843 -0.671709 -2.743134
86 -0.004669 -0.672057 -2.758144
86 -0.005420 -0.672360 -2.776993
86 -0.005420 -0.672360 -2.783800
86 -0.005860 -0.672524 -2.804570
86 -0.006021 -0.672581 -2.814343
86 -0.006384 -0.672704 -2.833368
86 -0.006831 -0.672846 -2.856755
86 -0.006995 -0.672894 -2.863736
86 -0.008065 -0.673186 -2.906497
86 -0.008272 -0.673235 -2.912955
86 -0.008770 -0.673351 -2.933375
87 -0.009146 -0.673431 -2.956588
87 -0.009314 -0.673462 -2.963045
87 -0.009607 -0.673515 -2.984862
87 -0.010239 -0.673615 -3.012787
87 -0.010831 -0.673692 -3.032684
87 -0.011128 -0.673724 -3.057468
87 -0.011298 -0.673738 -3.064973
87 -0.011638 -0.673765 -3.088535
87 -0.012022 -0.673785 -3.107210
87 -0.012149 -0.673789 -3.114016
87 -0.012448 -0.673798 -3.139673
87 -0.012789 -0.673798 3.121696
87 -0.013087 -0.673792 3.094992
87 -0.013599 -0.673768 3.072478
87 -0.013982 -0.673742 3.048916
87 -0.014406 -0.673702 3.025179
87 -0.014957 -0.673638 3.000745
87 -0.015126 -0.673614 2.990273
87 -0.015252 -0.673595 2.970027
88 -0.015336 -0.673580 2.962522
88 -0.015630 -0.673527 2.934073
88 -0.015713 -0.673510 2.926394
88 -0.016088 -0.673428 2.904228
88 -0.016337 -0.673367 2.878746
88 -0.016708 -0.673268 2.857104
88 -0.017158 -0.673136 2.831099
88 -0.017483 -0.673032 2.808409
88 -0.017765 -0.672934 2.783102
88 -0.017885 -0.672889 2.775423
88 -0.018203 -0.672767 2.750464
88 -0.018716 -0.672556 2.722714
88 -0.018716 -0.672556 2.715732
88 -0.019027 -0.672415 2.689727
88 -0.019257 -0.672303 2.664071
88 -0.019711 -0.672068 2.641381
88 -0.019936 -0.671945 2.614678
88 -0.020194 -0.671795 2.588498
88 -0.020375 -0.671683 2.576106
89 -0.020771 -0.671432 2.552893
89 -0.021264 -0.671095 2.500882
89 -0.021333 -0.671044 2.493028
89 -0.021741 -0.670735 2.463358
89 -0.021774 -0.670708 2.454806
89 -0.021972 -0.670546 2.430371
89 -0.022166 -0.670379 2.400526
89 -0.022323 -0.670235 2.392148
89 -0.022666 -0.669915 2.369284
89 -0.022788 -0.669796 2.358987
89 -0.023061 -0.669526 2.335949
89 -0.023504 -0.669064 2.306453
89 -0.023618 -0.668938 2.298424
89 -0.023788 -0.668747 2.276084
89 -0.023871 -0.668649 2.268055
89 -0.023981 -0.668519 2.238559
89 -0.024060 -0.668418 2.230356
89 -0.024269 -0.668149 2.205922
89 -0.024471 -0.667874 2.176775
89 -0.024593 -0.667699 2.151816
89 -0.024804 -0.667378 2.122146
90 -0.024938 -0.667160 2.098584
90 -0.024981 -0.667086 2.071008
90 -0.025001 -0.667049 2.062456
90 -0.025223 -0.666635 2.035578
90 -0.025318 -0.666445 2.007827
90 -0.025390 -0.666290 1.982869
90 -0.025561 -0.665899 1.952325
90 -0.025609 -0.665781 1.928589
90 -0.025668 -0.665621 1.897173
90 -0.025792 -0.665257 1.870644
90 -0.025855 -0.665054 1.841846
90 -0.025943 -0.664724 1.807288
90 -0.025993 -0.664517 1.778491
90 -0.026002 -0.664475 1.770113
90 -0.026027 -0.664350 1.740268
90 -0.026035 -0.664308 1.715833
90 -0.026072 -0.664055 1.684766
90 -0.026096 -0.663843 1.658935
91 -0.026126 -0.663503 1.634501
91 -0.026134 -0.663375 1.621760
91 -0.026154 -0.662992 1.593835
91 -0.026159 -0.662736 1.563815
91 -0.026159 -0.662693 1.555088
91 -0.026156 -0.662480 1.528036
91 -0.026154 -0.662438 1.500809
91 -0.026154 -0.662438 1.492955
91 -0.026137 -0.662225 1.465378
91 -0.026115 -0.662013 1.433963
91 -0.026115 -0.662013 1.425759
91 -0.026078 -0.661760 1.399056
91 -0.026071 -0.661718 1.384570
91 -0.026023 -0.661466 1.358390
91 -0.025987 -0.661300 1.328545
91 -0.025967 -0.661217 1.318771
91 -0.025882 -0.660886 1.290496
91 -0.025858 -0.660804 1.282119
91 -0.025870 -0.660845 1.253146
91 -0.025817 -0.660683 1.225221
91 -0.025774 -0.660563 1.193107
91 -0.025758 -0.660523 1.184031
92 -0.025742 -0.660484 1.156979
92 -0.025708 -0.660406 1.144063
92 -0.025602 -0.660173 1.118582
92 -0.025546 -0.660058 1.087166
92 -0.025546 -0.660058 1.077915
92 -0.025505 -0.659982 1.050863
92 -0.025463 -0.659908 1.041787
92 -0.025399 -0.659798 1.009498
92 -0.025330 -0.659690 1.000423
92 -0.025261 -0.659582 0.973719
92 -0.025118 -0.659370 0.942478
92 -0.025118 -0.659370 0.915425
92 -0.024988 -0.659201 0.882613
92 -0.024879 -0.659070 0.854339
92 -0.024711 -0.658877 0.822923
92 -0.024682 -0.658845 0.813672
92 -0.024448 -0.658597 0.786271
92 -0.024357 -0.658507 0.759393
92 -0.024265 -0.658419 0.736180
92 -0.023949 -0.658132 0.709651
93 -0.023787 -0.657993 0.694990
93 -0.023689 -0.657912 0.680853
93 -0.023589 -0.657831 0.666541
93 -0.023422 -0.657699 0.654498
93 -0.023354 -0.657647 0.651531
93 -0.023388 -0.657673 0.645946
93 -0.023388 -0.657673 0.645074
93 -0.023388 -0.657673 0.645074
93 -0.023388 -0.657673 0.645074
93 -0.023388 -0.657673 0.645248
93 -0.023388 -0.657673 0.645248
93 -0.023388 -0.657673 0.645248
93 -0.023388 -0.657673 0.645248
93 -0.023388 -0.657673 0.645248
93 -0.023388 -0.657673 0.645248
93 -0.023388 -0.657673 0.645248
93 -0.023388 -0.657673 0.645248
93 -0.023388 -0.657673 0.645248
93 -0.023388 -0.657673 0.645248
93 -0.023388 -0.657673 0.645248
94 -0.023388 -0.657673 0.645248
94 -0.023388 -0.657673 0.645248
94 -0.023388 -0.657673 0.645248
94 -0.023388 -0.657673 0.645248
94 -0.023388 -0.657673 0.645248
94 -0.023388 -0.657673 0.645248
94 -0.023388 -0.657673 0.645248
94 -0.023388 -0.657673 0.645248
94 -0.023388 -0.657673 0.645248
94 -0.023388 -0.657673 0.645248
94 -0.023388 -0.657673 0.645248
94 -0.023388 -0.657673 0.645248
94 -0.023388 -0.657673 0.645248
94 -0.023388 -0.657673 0.645248
94 -0.023388 -0.657673 0.645248
94 -0.023388 -0.657673 0.645248
94 -0.023388 -0.657673 0.645248
94 -0.023388 -0.657673 0.645248
95 -0.023388 -0.657673 0.645248
95 -0.023388 -0.657673 0.645248
95 -0.023388 -0.657673 0.645248
95 -0.023388 -0.657673 0.645248
95 -0.023388 -0.657673 0.645248
95 -0.023388 -0.657673 0.645248
95 -0.023388 -0.657673 0.645248
95 -0.023388 -0.657673 0.645248
95 -0.023388 -0.657673 0.645248
95 -0.023388 -0.657673 0.645248
95 -0.023388 -0.657673 0.645248
95 -0.023388 -0.657673 0.645248
95 -0.023388 -0.657673 0.645248
95 -0.023388 -0.657673 0.645248
95 -0.023388 -0.657673 0.645248
95 -0.023388 -0.657673 0.645248
95 -0.023388 -0.657673 0.645248
95 -0.023388 -0.657673 0.645248
95 -0.023388 -0.657673 0.645248
96 -0.023388 -0.657673 0.645248
96 -0.023388 -0.657673 0.645248
96 -0.023388 -0.657673 0.645248
96 -0.023388 -0.657673 0.645248
96 -0.023388 -0.657673 0.645248
96 -0.023388 -0.657673 0.645248
96 -0.023388 -0.657673 0.645248
96 -0.023388 -0.657673 0.645248
96 -0.023388 -0.657673 0.645248
96 -0.023388 -0.657673 0.645248
96 -0.023388 -0.657673 0.645248
