7 0.025016 -1.040167 0.223696
9 0.125737 -1.045936 -0.116048
10 0.054507 -1.035466 -0.542514
12 0.112082 -1.065795 -0.997428
14 0.178633 -1.178402 -1.229969
15 0.286206 -1.279506 -1.356552
17 0.353779 -1.439857 -1.327519
19 0.342560 -1.530548 -1.046471
21 0.427403 -1.630589 -0.921462
22 0.495969 -1.719688 -0.678669
24 0.449723 -1.749005 -0.155712
25 0.384343 -1.778945 0.214857
27 0.518656 -1.703225 0.283486
29 0.603018 -1.701649 0.291619
30 0.704259 -1.667212 0.283485
32 0.835711 -1.624506 0.337461
33 0.965897 -1.572017 0.374355
35 1.018765 -1.546024 0.449369
36 1.107486 -1.496420 0.445484
38 1.216649 -1.435759 0.450022
40 1.341306 -1.373942 0.393809
41 1.546074 -1.255752 0.379846
43 1.712827 -1.170196 0.407250
45 1.829437 -1.112712 0.462125
46 1.850893 -0.990587 0.640488
48 1.960251 -0.820946 1.073036
50 1.958967 -0.693642 1.518379
52 1.981782 -0.509237 1.901595
53 1.877006 -0.326862 1.988806
55 1.823213 -0.203621 2.055772
57 1.781225 -0.131782 2.180387
59 1.612460 0.062023 2.339830
60 1.595838 0.135992 2.921818
62 1.454042 0.083893 -2.877077
64 1.369304 0.101604 -2.660952
65 1.292402 -0.090873 -2.401505
67 1.208533 -0.191076 -2.335799
69 1.074794 -0.351850 -2.234803
71 0.956342 -0.518187 -2.148916
72 0.903985 -0.564996 -2.378259
74 0.777248 -0.681007 -2.562254
76 0.723247 -0.706743 -2.620904
77 0.582632 -0.759539 -2.781027
79 0.399475 -0.843865 -2.748434
81 0.259231 -0.907008 -2.745939
83 0.161509 -0.984219 -2.490328
84 0.083507 -1.060587 -2.508631
86 -0.010494 -1.127077 -2.719454
88 -0.033508 -1.142162 2.889312
90 -0.027155 -1.166694 2.142696
92 -0.094362 -1.228137 1.162049
94 -0.106924 -1.206221 0.624157
95 -0.123694 -1.171783 0.605070
