4 0.001236 -0.684063 0.693594
4 0.001236 -0.684063 0.693594
4 0.001236 -0.684063 0.693594
4 0.001236 -0.684063 0.693594
4 0.001236 -0.684063 0.693594
4 0.001269 -0.684036 0.693594
4 0.001400 -0.683927 0.693594
4 0.002056 -0.683382 0.693594
4 0.002253 -0.683218 0.693594
4 0.003466 -0.682210 0.692721
4 0.005074 -0.680875 0.693768
4 0.008615 -0.677930 0.693943
4 0.011598 -0.675448 0.694990
4 0.012810 -0.674437 0.695165
4 0.016249 -0.671569 0.694816
4 0.019983 -0.668456 0.696212
4 0.021194 -0.667445 0.696212
5 0.024793 -0.664436 0.697259
5 0.026101 -0.663341 0.697608
5 0.029696 -0.660327 0.698306
5 0.030905 -0.659313 0.698481
5 0.034661 -0.656159 0.697957
5 0.038353 -0.653062 0.698655
5 0.042271 -0.649771 0.698132
5 0.043513 -0.648729 0.698306
5 0.047269 -0.645576 0.699179
5 0.050990 -0.642447 0.699179
5 0.052230 -0.641404 0.699528
5 0.055722 -0.638466 0.699179
5 0.056636 -0.637697 0.699179
5 0.060128 -0.634761 0.698306
5 0.061108 -0.633938 0.697259
5 0.063527 -0.631912 0.696910
5 0.065882 -0.629941 0.690801
5 0.067493 -0.628609 0.682249
5 0.068121 -0.628099 0.676315
5 0.069518 -0.626977 0.661654
5 0.071268 -0.625615 0.648041
5 0.073410 -0.623993 0.634078
6 0.074269 -0.623362 0.629540
6 0.077164 -0.621252 0.617672
6 0.080432 -0.618931 0.613309
6 0.084687 -0.615936 0.610167
6 0.088532 -0.613248 0.608596
6 0.093185 -0.610005 0.608771
6 0.097383 -0.607079 0.608771
6 0.098958 -0.605981 0.608771
6 0.103191 -0.603031 0.608771
6 0.107809 -0.599811 0.608247
6 0.111973 -0.596911 0.608422
6 0.116628 -0.593670 0.608596
6 0.120931 -0.590671 0.608247
6 0.125271 -0.587649 0.608247
6 0.129856 -0.584456 0.608247
6 0.134125 -0.581483 0.608073
6 0.135770 -0.580338 0.608422
6 0.140249 -0.577218 0.608945
7 0.144797 -0.574047 0.609469
7 0.148818 -0.571240 0.607898
7 0.153544 -0.567952 0.608247
7 0.159423 -0.563857 0.609294
7 0.163480 -0.561026 0.608422
7 0.168239 -0.557711 0.609818
7 0.169568 -0.556783 0.609644
7 0.174183 -0.553560 0.609294
7 0.178484 -0.550558 0.609120
7 0.180128 -0.549411 0.609120
7 0.184710 -0.546214 0.609993
7 0.189184 -0.543087 0.610516
7 0.190652 -0.542061 0.610691
7 0.194914 -0.539077 0.609644
7 0.196558 -0.537929 0.610167
7 0.200856 -0.534924 0.609818
7 0.205646 -0.531578 0.610167
7 0.207079 -0.530576 0.609469
7 0.211799 -0.527280 0.609120
7 0.213338 -0.526207 0.609294
7 0.217675 -0.523180 0.608945
8 0.219354 -0.522009 0.608771
8 0.223552 -0.519083 0.608596
8 0.228521 -0.515621 0.609644
8 0.232821 -0.512617 0.608771
8 0.234640 -0.511349 0.608596
8 0.239014 -0.508301 0.608247
8 0.244019 -0.504817 0.608596
8 0.245488 -0.503793 0.608422
8 0.250072 -0.500599 0.608596
8 0.251822 -0.499380 0.608422
8 0.256231 -0.496309 0.607898
8 0.258051 -0.495042 0.607898
8 0.262567 -0.491900 0.607549
8 0.267644 -0.488370 0.607200
8 0.272127 -0.485256 0.607375
8 0.274018 -0.483942 0.607375
8 0.278500 -0.480826 0.607375
8 0.283473 -0.477370 0.607200
8 0.288201 -0.474085 0.607200
8 0.289917 -0.472893 0.607026
8 0.294506 -0.469706 0.607549
9 0.299408 -0.466298 0.606851
9 0.304242 -0.462942 0.607026
9 0.308901 -0.459706 0.606851
9 0.313770 -0.456326 0.607026
9 0.318744 -0.452871 0.608073
9 0.320354 -0.451751 0.608073
9 0.324939 -0.448559 0.608073
9 0.334602 -0.441838 0.607375
9 0.339120 -0.438699 0.607898
9 0.343776 -0.435459 0.608073
9 0.348746 -0.432000 0.609469
9 0.353222 -0.428875 0.609120
9 0.358328 -0.425313 0.609469
9 0.359762 -0.424312 0.609120
9 0.364798 -0.420798 0.610167
9 0.369167 -0.417744 0.609993
9 0.374061 -0.414323 0.610516
10 0.378883 -0.410949 0.610691
10 0.383355 -0.407819 0.610342
10 0.385172 -0.406548 0.610691
10 0.389994 -0.403173 0.609818
10 0.395203 -0.399534 0.610167
10 0.396706 -0.398484 0.610167
10 0.401494 -0.395136 0.609818
10 0.406073 -0.391936 0.609993
10 0.407856 -0.390690 0.610516
10 0.412818 -0.387219 0.610516
10 0.417919 -0.383649 0.610167
10 0.419457 -0.382574 0.609993
10 0.424456 -0.379080 0.610516
10 0.429173 -0.375780 0.610167
10 0.430990 -0.374509 0.610342
10 0.435953 -0.371038 0.609818
10 0.437666 -0.369841 0.609993
10 0.442664 -0.366348 0.609644
10 0.444238 -0.365249 0.609818
10 0.449482 -0.361585 0.609294
10 0.451020 -0.360512 0.609120
10 0.456267 -0.356852 0.609120
11 0.461233 -0.353387 0.608771
11 0.466096 -0.349997 0.608422
11 0.467776 -0.348827 0.608771
11 0.472884 -0.345266 0.608422
11 0.478098 -0.341635 0.608596
11 0.479672 -0.340537 0.608596
11 0.484711 -0.337026 0.608945
11 0.486285 -0.335929 0.608771
11 0.491358 -0.332393 0.609294
11 0.493071 -0.331197 0.609120
11 0.498073 -0.327707 0.609644
11 0.503073 -0.324216 0.610167
11 0.508175 -0.320648 0.610342
11 0.509678 -0.319597 0.609818
11 0.514852 -0.315982 0.610167
11 0.519640 -0.312634 0.610342
11 0.521423 -0.311388 0.611389
11 0.526067 -0.308132 0.611040
11 0.527918 -0.306835 0.611389
11 0.532807 -0.303408 0.611912
11 0.534483 -0.302232 0.611912
11 0.539719 -0.298558 0.611912
12 0.544955 -0.294883 0.613134
12 0.549559 -0.291644 0.612960
12 0.554617 -0.288087 0.613483
12 0.556082 -0.287055 0.613309
12 0.561347 -0.283349 0.613658
12 0.566333 -0.279837 0.614007
12 0.568146 -0.278559 0.613832
12 0.573166 -0.275022 0.613832
12 0.578186 -0.271485 0.614007
12 0.583344 -0.267848 0.613134
12 0.588402 -0.264290 0.613658
12 0.593353 -0.260803 0.613309
12 0.598723 -0.257023 0.612436
12 0.600189 -0.255993 0.612611
12 0.605597 -0.252192 0.613134
12 0.610131 -0.249002 0.612785
12 0.611631 -0.247947 0.612611
12 0.618819 -0.242896 0.612262
12 0.623565 -0.239563 0.612262
13 0.628975 -0.235764 0.611738
13 0.630546 -0.234662 0.611912
13 0.636201 -0.230694 0.611738
13 0.641193 -0.227191 0.611563
13 0.643114 -0.225845 0.611214
13 0.648143 -0.222321 0.611040
13 0.653452 -0.218602 0.611040
13 0.658726 -0.214907 0.611214
13 0.663930 -0.211261 0.611563
13 0.669063 -0.207661 0.611563
13 0.674475 -0.203866 0.611563
13 0.679782 -0.200144 0.612436
13 0.684807 -0.196614 0.612960
13 0.686621 -0.195338 0.612785
13 0.691645 -0.191806 0.612262
13 0.696810 -0.188179 0.612436
13 0.702044 -0.184502 0.613309
13 0.706996 -0.181016 0.613309
13 0.712437 -0.177187 0.613658
14 0.713971 -0.176106 0.613483
14 0.719480 -0.172227 0.613483
14 0.724536 -0.168667 0.614530
14 0.726383 -0.167364 0.614705
14 0.731226 -0.163945 0.614530
14 0.733072 -0.162642 0.614879
14 0.738019 -0.159149 0.614879
14 0.739865 -0.157845 0.614879
14 0.744777 -0.154376 0.615054
14 0.750245 -0.150513 0.614879
14 0.755610 -0.146724 0.614530
14 0.757248 -0.145569 0.614530
14 0.762370 -0.141954 0.614007
14 0.767424 -0.138391 0.614181
14 0.772721 -0.134656 0.614356
14 0.774429 -0.133451 0.614530
14 0.779795 -0.129665 0.613832
14 0.785094 -0.125931 0.614356
14 0.790251 -0.122293 0.614181
14 0.795723 -0.118434 0.613658
15 0.801197 -0.114578 0.613483
15 0.806323 -0.110969 0.613483
15 0.811588 -0.107262 0.613134
15 0.813471 -0.105937 0.612960
15 0.818808 -0.102183 0.613309
15 0.820622 -0.100907 0.613309
15 0.825853 -0.097225 0.613309
15 0.827666 -0.095948 0.613134
15 0.833037 -0.092169 0.612960
15 0.838584 -0.088268 0.613309
15 0.843780 -0.084611 0.613658
15 0.848975 -0.080952 0.613658
15 0.850823 -0.079650 0.613658
15 0.856157 -0.075893 0.613832
15 0.861630 -0.072036 0.615054
15 0.863267 -0.070880 0.615229
15 0.868596 -0.067114 0.614879
15 0.873925 -0.063350 0.614705
15 0.878907 -0.059833 0.615403
15 0.884235 -0.056066 0.616101
15 0.889630 -0.052246 0.616799
16 0.891439 -0.050964 0.617148
16 0.896586 -0.047311 0.616799
16 0.901839 -0.043586 0.617148
16 0.903717 -0.042254 0.617148
16 0.908795 -0.038650 0.617497
16 0.914150 -0.034848 0.617847
16 0.915749 -0.033711 0.618196
16 0.921136 -0.029880 0.618370
16 0.926348 -0.026172 0.618196
16 0.928190 -0.024862 0.618196
16 0.933438 -0.021130 0.618196
16 0.938616 -0.017447 0.618196
16 0.944003 -0.013616 0.617672
16 0.949426 -0.009763 0.618196
16 0.951199 -0.008503 0.618021
16 0.956621 -0.004648 0.617497
16 0.961836 -0.000944 0.617323
16 0.967192 0.002857 0.617672
16 0.972754 0.006809 0.617148
16 0.978041 0.010560 0.617323
17 0.983466 0.014411 0.617497
17 0.988959 0.018313 0.617497
17 0.994488 0.022239 0.617148
17 0.996331 0.023547 0.617323
17 1.001687 0.027348 0.617323
17 1.007042 0.031150 0.617497
17 1.012501 0.035027 0.617148
17 1.018031 0.038951 0.617323
17 1.023386 0.042752 0.617497
17 1.028706 0.046530 0.617672
17 1.034234 0.050457 0.617323
17 1.039867 0.054456 0.618196
17 1.041536 0.055643 0.618370
17 1.046887 0.059450 0.618196
17 1.052065 0.063133 0.618370
17 1.057312 0.066866 0.618894
17 1.062801 0.070775 0.619243
17 1.068114 0.074562 0.620115
18 1.073285 0.078254 0.620290
18 1.078976 0.082320 0.620290
18 1.084355 0.086162 0.620465
18 1.086159 0.087451 0.620814
18 1.091293 0.091123 0.620465
18 1.096463 0.094817 0.621337
18 1.101734 0.098591 0.621686
18 1.107280 0.102565 0.621337
18 1.112655 0.106413 0.621337
18 1.117960 0.110211 0.621512
18 1.119798 0.111527 0.621163
18 1.125000 0.115250 0.621163
18 1.130514 0.119196 0.621337
18 1.132213 0.120413 0.621512
18 1.137830 0.124435 0.620814
18 1.143276 0.128330 0.620814
18 1.148653 0.132175 0.620988
18 1.154133 0.136095 0.620465
18 1.159684 0.140063 0.620115
19 1.165064 0.143904 0.619941
19 1.170479 0.147769 0.620290
19 1.176065 0.151760 0.620115
19 1.177801 0.152999 0.620290
19 1.183318 0.156941 0.620465
19 1.188835 0.160883 0.620115
19 1.196227 0.166162 0.620290
19 1.201537 0.169955 0.620814
19 1.206983 0.173849 0.620814
19 1.212533 0.177818 0.620465
19 1.218154 0.181835 0.621512
19 1.219957 0.183127 0.621686
19 1.225192 0.186877 0.621512
19 1.230462 0.190651 0.621686
19 1.232403 0.192042 0.621861
19 1.237637 0.195794 0.622733
19 1.243076 0.199699 0.623432
19 1.244738 0.200894 0.623781
19 1.250276 0.204879 0.624130
20 1.255709 0.208792 0.623606
20 1.261040 0.212627 0.624479
20 1.262909 0.213974 0.624304
20 1.268099 0.217713 0.624304
20 1.273324 0.221477 0.624828
20 1.275122 0.222774 0.625002
20 1.280518 0.226667 0.625177
20 1.282281 0.227940 0.625177
20 1.287814 0.231933 0.625177
20 1.289543 0.233181 0.625177
20 1.294937 0.237074 0.624828
20 1.300402 0.241016 0.624653
20 1.305764 0.244882 0.625177
20 1.311263 0.248850 0.625177
20 1.316657 0.252743 0.624653
20 1.322296 0.256809 0.625002
20 1.324094 0.258106 0.625177
20 1.329661 0.262124 0.624828
20 1.335092 0.266041 0.624828
20 1.336960 0.267388 0.624653
21 1.342425 0.271329 0.624828
21 1.347960 0.275320 0.625002
21 1.353597 0.279387 0.624304
21 1.359168 0.283401 0.624479
21 1.364703 0.287390 0.624828
21 1.370203 0.291357 0.624479
21 1.372106 0.292728 0.624479
21 1.377572 0.296667 0.624653
21 1.383107 0.300658 0.624304
21 1.384906 0.301954 0.624653
21 1.390579 0.306044 0.624479
21 1.392344 0.307316 0.624828
21 1.397913 0.311332 0.625875
21 1.403235 0.315180 0.625526
21 1.405068 0.316503 0.625526
21 1.410426 0.320373 0.625701
21 1.415715 0.324195 0.626748
21 1.417580 0.325545 0.627097
21 1.422933 0.329424 0.628144
21 1.428488 0.333459 0.628493
22 1.433904 0.337395 0.627969
22 1.439357 0.341354 0.628668
22 1.444772 0.345291 0.628842
22 1.450083 0.349154 0.628668
22 1.455292 0.352941 0.628668
22 1.460327 0.356603 0.629366
22 1.461810 0.357682 0.629017
22 1.466086 0.360794 0.628493
22 1.469984 0.363627 0.622210
22 1.473068 0.365839 0.614705
22 1.475437 0.367511 0.602139
22 1.477441 0.368888 0.587129
22 1.479151 0.370013 0.556236
22 1.480527 0.370869 0.529533
22 1.481373 0.371364 0.508763
22 1.481783 0.371593 0.500735
22 1.483093 0.372309 0.473508
22 1.484687 0.373126 0.449946
23 1.487029 0.374258 0.422719
23 1.489635 0.375430 0.404218
23 1.493360 0.377023 0.384147
23 1.497828 0.378829 0.367915
23 1.502563 0.380655 0.357094
23 1.504561 0.381400 0.350637
23 1.509847 0.383333 0.342783
23 1.511655 0.383979 0.341386
23 1.517522 0.386063 0.338245
23 1.519171 0.386643 0.337547
23 1.525046 0.388705 0.331962
23 1.530489 0.390582 0.324457
23 1.536108 0.392471 0.318523
23 1.541575 0.394274 0.311018
23 1.543565 0.394914 0.309098
23 1.548886 0.396613 0.304385
23 1.554176 0.398275 0.299848
23 1.555520 0.398690 0.298800
23 1.560615 0.400260 0.292692
23 1.564290 0.401367 0.283092
24 1.567975 0.402439 0.270177
24 1.570975 0.403270 0.257611
24 1.573120 0.403835 0.242775
24 1.573906 0.404030 0.232652
24 1.575898 0.404502 0.215199
24 1.577689 0.404893 0.191114
24 1.578317 0.405015 0.184132
24 1.579449 0.405226 0.165457
24 1.580585 0.405415 0.139103
24 1.580839 0.405451 0.131074
24 1.581853 0.405585 0.105941
24 1.582744 0.405679 0.074700
24 1.583169 0.405711 0.066323
24 1.583893 0.405759 0.044506
24 1.584148 0.405771 0.033161
24 1.585597 0.405819 0.008378
24 1.587133 0.405831 -0.020071
24 1.587644 0.405821 -0.027925
24 1.590117 0.405752 -0.048520
24 1.590969 0.405711 -0.054105
24 1.593907 0.405552 -0.076969
24 1.594927 0.405473 -0.083252
25 1.598200 0.405200 -0.100705
25 1.602146 0.404801 -0.121999
25 1.606421 0.404277 -0.137706
25 1.608153 0.404037 -0.145386
25 1.613259 0.403289 -0.154462
25 1.619242 0.402358 -0.164061
25 1.621262 0.402023 -0.166330
25 1.629083 0.400702 -0.171915
25 1.635049 0.399666 -0.175929
25 1.636981 0.399322 -0.177675
25 1.642899 0.398260 -0.184481
25 1.648307 0.397250 -0.192684
25 1.653330 0.396270 -0.199491
25 1.655169 0.395899 -0.204727
25 1.658927 0.395118 -0.214675
25 1.662844 0.394264 -0.228115
25 1.663758 0.394052 -0.235619
25 1.666951 0.393286 -0.253771
25 1.667818 0.393061 -0.259880
25 1.670167 0.392436 -0.282918
26 1.671027 0.392186 -0.289027
26 1.672703 0.391688 -0.306480
26 1.674573 0.391096 -0.331089
26 1.676187 0.390541 -0.352557
26 1.678348 0.389746 -0.376293
26 1.679062 0.389464 -0.382751
26 1.681712 0.388397 -0.402997
26 1.682693 0.387979 -0.412421
26 1.685311 0.386834 -0.430747
26 1.686318 0.386371 -0.437205
26 1.690027 0.384637 -0.457102
26 1.691099 0.384110 -0.463210
26 1.695219 0.382052 -0.478918
26 1.698890 0.380146 -0.492706
26 1.702723 0.378088 -0.499513
26 1.705530 0.376556 -0.500909
26 1.706241 0.376167 -0.501259
26 1.708261 0.375061 -0.506669
26 1.709454 0.374398 -0.517665
26 1.709862 0.374166 -0.520806
26 1.710897 0.373572 -0.532849
26 1.711999 0.372922 -0.545590
27 1.713166 0.372214 -0.557982
27 1.714722 0.371243 -0.570897
27 1.716300 0.370229 -0.580671
27 1.718618 0.368708 -0.591841
27 1.719468 0.368137 -0.593936
27 1.722260 0.366252 -0.599521
27 1.725851 0.363798 -0.607026
27 1.727322 0.362776 -0.608945
27 1.731555 0.359824 -0.613658
27 1.733263 0.358621 -0.615403
27 1.737790 0.355420 -0.621861
27 1.742885 0.351768 -0.631111
27 1.744366 0.350686 -0.632856
27 1.749043 0.347256 -0.637918
27 1.753702 0.343802 -0.644550
27 1.755304 0.342598 -0.646819
27 1.760205 0.338897 -0.653451
27 1.764844 0.335345 -0.657466
27 1.766396 0.334146 -0.658687
27 1.771118 0.330492 -0.663923
27 1.776089 0.326603 -0.670032
28 1.780701 0.322948 -0.676664
28 1.789919 0.315492 -0.692547
28 1.791560 0.314131 -0.694990
28 1.796080 0.310362 -0.701448
28 1.800902 0.306289 -0.706684
28 1.805410 0.302440 -0.711047
28 1.810128 0.298377 -0.717854
28 1.814464 0.294590 -0.723264
28 1.818876 0.290695 -0.730420
28 1.823419 0.286626 -0.735482
28 1.827719 0.282734 -0.739147
28 1.832258 0.278598 -0.743510
28 1.833608 0.277356 -0.744732
28 1.838060 0.273252 -0.748746
28 1.842371 0.269246 -0.753633
28 1.846756 0.265131 -0.757473
28 1.850939 0.261175 -0.759916
29 1.855391 0.256945 -0.764105
29 1.859609 0.252903 -0.768294
29 1.863872 0.248783 -0.772483
29 1.868331 0.244438 -0.776672
29 1.869700 0.243093 -0.777370
29 1.873955 0.238905 -0.780162
29 1.878108 0.234795 -0.783304
29 1.882339 0.230583 -0.787667
29 1.886701 0.226200 -0.792379
29 1.891013 0.221828 -0.796568
29 1.892414 0.220395 -0.798837
29 1.896639 0.216055 -0.801281
29 1.900763 0.211798 -0.804771
29 1.905227 0.207157 -0.809309
29 1.906610 0.205706 -0.810182
29 1.911020 0.201072 -0.812974
29 1.912398 0.199616 -0.813149
29 1.916589 0.195186 -0.815418
29 1.920945 0.190560 -0.821177
30 1.922340 0.189062 -0.823272
30 1.926515 0.184558 -0.830253
30 1.930744 0.179931 -0.835838
30 1.932145 0.178381 -0.837234
30 1.936400 0.173661 -0.842121
30 1.940631 0.168920 -0.846136
30 1.941960 0.167419 -0.847008
30 1.946365 0.162435 -0.850150
30 1.947716 0.160896 -0.851197
30 1.951960 0.156053 -0.855735
30 1.956043 0.151352 -0.859051
30 1.957408 0.149770 -0.860447
30 1.961384 0.145147 -0.865334
30 1.965532 0.140276 -0.871617
30 1.966794 0.138775 -0.872316
30 1.970881 0.133909 -0.874934
30 1.974626 0.129425 -0.876330
30 1.978774 0.124444 -0.878250
30 1.982695 0.119718 -0.882788
30 1.986378 0.115237 -0.885755
30 1.990399 0.110316 -0.888024
31 1.994327 0.105486 -0.891340
31 1.998159 0.100742 -0.895179
31 1.999413 0.099178 -0.896227
31 2.003355 0.094249 -0.898670
31 2.007178 0.089443 -0.901812
31 2.010961 0.084659 -0.902859
31 2.014923 0.079637 -0.904430
31 2.018640 0.074910 -0.906524
31 2.020059 0.073097 -0.908444
31 2.023836 0.068255 -0.911236
31 2.027808 0.063132 -0.913854
31 2.031662 0.058134 -0.916472
31 2.032934 0.056476 -0.917694
31 2.036795 0.051429 -0.923454
31 2.040679 0.046293 -0.926770
31 2.044468 0.041245 -0.929737
31 2.048294 0.036118 -0.932355
31 2.052183 0.030879 -0.937067
32 2.055996 0.025690 -0.941082
32 2.059738 0.020554 -0.942303
32 2.063674 0.015138 -0.943001
32 2.064927 0.013412 -0.943525
32 2.068756 0.008130 -0.948761
32 2.072534 0.002862 -0.953473
32 2.076187 -0.002285 -0.958535
32 2.080011 -0.007729 -0.962549
32 2.083666 -0.012979 -0.964643
32 2.084929 -0.014801 -0.965516
32 2.088545 -0.020027 -0.967261
32 2.092248 -0.025399 -0.970403
32 2.095838 -0.030642 -0.972148
32 2.096992 -0.032333 -0.972323
32 2.100571 -0.037583 -0.974941
32 2.101768 -0.039348 -0.975639
32 2.105235 -0.044468 -0.978606
32 2.108639 -0.049528 -0.980526
32 2.109849 -0.051335 -0.980875
32 2.113337 -0.056544 -0.981573
33 2.117010 -0.062040 -0.983493
33 2.118074 -0.063637 -0.983668
33 2.121641 -0.068999 -0.987158
33 2.125072 -0.074194 -0.989078
33 2.126314 -0.076083 -0.989776
33 2.129778 -0.081359 -0.991172
33 2.130899 -0.083071 -0.991696
33 2.134260 -0.088211 -0.992220
33 2.137782 -0.093602 -0.994663
33 2.138874 -0.095283 -0.995361
33 2.142494 -0.100865 -0.996932
33 2.145990 -0.106273 -1.000248
33 2.147165 -0.108103 -1.000423
33 2.150549 -0.113380 -1.001819
33 2.154134 -0.118984 -1.005484
33 2.157606 -0.124458 -1.008102
33 2.161064 -0.129941 -1.010371
33 2.164328 -0.135142 -1.013513
33 2.165186 -0.136518 -1.014560
33 2.168000 -0.141045 -1.018574
33 2.170304 -0.144785 -1.028173
34 2.171119 -0.146136 -1.032188
34 2.172847 -0.149028 -1.045627
34 2.173510 -0.150172 -1.050514
34 2.175736 -0.154057 -1.069887
34 2.176310 -0.155105 -1.075821
34 2.178821 -0.159758 -1.090482
34 2.181324 -0.164561 -1.100256
34 2.184185 -0.170187 -1.107062
34 2.185139 -0.172094 -1.109680
34 2.188005 -0.177861 -1.114393
34 2.190880 -0.183718 -1.115789
34 2.191855 -0.185710 -1.115964
34 2.194815 -0.191763 -1.116138
34 2.197643 -0.197548 -1.118931
34 2.200510 -0.203457 -1.121025
34 2.202995 -0.208603 -1.123119
34 2.205469 -0.213754 -1.124690
34 2.207677 -0.218371 -1.130624
34 2.209603 -0.222461 -1.136209
34 2.211075 -0.225632 -1.145983
35 2.212639 -0.229091 -1.162738
35 2.213604 -0.231322 -1.177923
35 2.214584 -0.233686 -1.196423
35 2.215192 -0.235234 -1.216320
35 2.215636 -0.236434 -1.243198
35 2.216034 -0.237604 -1.267982
35 2.216415 -0.238826 -1.296256
35 2.216624 -0.239565 -1.303412
35 2.217040 -0.241086 -1.325403
35 2.217662 -0.243568 -1.348790
35 2.218282 -0.246314 -1.369734
35 2.218886 -0.249281 -1.392075
35 2.219614 -0.253310 -1.411273
35 2.220265 -0.257352 -1.430995
35 2.220502 -0.259041 -1.436581
35 2.221136 -0.263732 -1.450369
35 2.221838 -0.269532 -1.463459
35 2.222048 -0.271483 -1.466251
35 2.222600 -0.276742 -1.474105
36 2.223123 -0.282133 -1.480039
36 2.223501 -0.286295 -1.492431
36 2.223849 -0.290716 -1.506219
36 2.224060 -0.293993 -1.522451
36 2.224116 -0.295143 -1.531003
36 2.224220 -0.297743 -1.549503
36 2.224276 -0.300386 -1.575160
36 2.224266 -0.302604 -1.596104
36 2.224247 -0.303371 -1.602387
36 2.224169 -0.305843 -1.626472
36 2.224128 -0.306567 -1.633454
36 2.223949 -0.309419 -1.653001
36 2.223704 -0.312394 -1.675342
36 2.223593 -0.313454 -1.682148
36 2.223171 -0.317226 -1.702569
36 2.222667 -0.321031 -1.724734
36 2.222418 -0.322633 -1.730145
36 2.221823 -0.326338 -1.746900
36 2.221076 -0.330537 -1.758419
36 2.220909 -0.331416 -1.761735
36 2.220342 -0.334347 -1.780236
37 2.219855 -0.336642 -1.801180
37 2.219348 -0.338801 -1.827360
37 2.218861 -0.340657 -1.845337
37 2.218341 -0.342504 -1.869597
37 2.218153 -0.343116 -1.876578
37 2.217601 -0.344864 -1.897347
37 2.216835 -0.347126 -1.920386
37 2.216572 -0.347847 -1.926494
37 2.215487 -0.350766 -1.947264
37 2.214421 -0.353463 -1.968382
37 2.213992 -0.354485 -1.974316
37 2.212066 -0.358995 -1.991595
37 2.210272 -0.363005 -2.009747
37 2.207970 -0.367907 -2.022662
37 2.205531 -0.372933 -2.029818
37 2.204643 -0.374730 -2.029992
37 2.202015 -0.380044 -2.032610
37 2.199355 -0.385389 -2.040115
37 2.196771 -0.390485 -2.046049
38 2.193961 -0.395946 -2.053205
38 2.191468 -0.400706 -2.057918
38 2.189052 -0.405266 -2.065423
38 2.186927 -0.409207 -2.075022
38 2.184516 -0.413576 -2.090381
38 2.183669 -0.415057 -2.095442
38 2.181277 -0.419190 -2.110976
38 2.178162 -0.424384 -2.124589
38 2.174888 -0.429680 -2.130698
38 2.171558 -0.434991 -2.135236
38 2.168228 -0.440252 -2.139774
38 2.164896 -0.445461 -2.146930
38 2.161527 -0.450647 -2.153038
38 2.158432 -0.455349 -2.159845
38 2.157484 -0.456767 -2.161590
38 2.154372 -0.461407 -2.171364
38 2.151890 -0.465031 -2.185152
38 2.149604 -0.468271 -2.195624
39 2.147433 -0.471281 -2.213776
39 2.145106 -0.474387 -2.233847
39 2.142298 -0.477983 -2.253569
39 2.138000 -0.483228 -2.267881
39 2.133921 -0.488099 -2.277131
39 2.132730 -0.489494 -2.278527
39 2.128572 -0.494355 -2.283938
39 2.124666 -0.498871 -2.285509
39 2.120641 -0.503509 -2.288301
39 2.116463 -0.508296 -2.292315
39 2.112491 -0.512811 -2.296330
39 2.111105 -0.514374 -2.298075
39 2.107022 -0.518962 -2.304009
39 2.103368 -0.523018 -2.312736
39 2.102302 -0.524181 -2.314656
39 2.099010 -0.527758 -2.317623
39 2.098083 -0.528760 -2.320066
39 2.094859 -0.532226 -2.332109
39 2.091446 -0.535807 -2.346246
40 2.087506 -0.539827 -2.361081
40 2.086021 -0.541297 -2.364921
40 2.081914 -0.545333 -2.369983
40 2.080294 -0.546909 -2.371204
40 2.075734 -0.551334 -2.376091
40 2.071060 -0.555825 -2.380978
40 2.069485 -0.557325 -2.382025
40 2.065125 -0.561465 -2.384818
40 2.063481 -0.563017 -2.386738
40 2.058977 -0.567254 -2.392846
40 2.057384 -0.568735 -2.395464
40 2.052906 -0.572874 -2.401748
40 2.048087 -0.577273 -2.408380
40 2.043460 -0.581440 -2.413267
40 2.041774 -0.582945 -2.415710
40 2.037691 -0.586568 -2.420248
40 2.033656 -0.590117 -2.426531
40 2.030565 -0.592801 -2.438050
40 2.029264 -0.593904 -2.443112
40 2.026292 -0.596400 -2.460216
40 2.022814 -0.599220 -2.476273
41 2.019224 -0.602037 -2.492854
41 2.014806 -0.605387 -2.504373
41 2.009905 -0.609015 -2.512925
41 2.004800 -0.612727 -2.515369
41 1.999790 -0.616351 -2.517288
41 1.994461 -0.620190 -2.519034
41 1.989437 -0.623796 -2.522699
41 1.984401 -0.627383 -2.526015
41 1.979457 -0.630880 -2.530029
41 1.974394 -0.634430 -2.535789
41 1.969170 -0.638048 -2.539280
41 1.964039 -0.641576 -2.542072
41 1.962244 -0.642803 -2.543643
41 1.957274 -0.646188 -2.547134
41 1.952045 -0.649723 -2.548879
41 1.950347 -0.650867 -2.549228
41 1.945111 -0.654391 -2.552719
41 1.939721 -0.657991 -2.556384
42 1.934459 -0.661477 -2.560223
42 1.929185 -0.664943 -2.564936
42 1.923858 -0.668408 -2.567205
42 1.918416 -0.671930 -2.569823
42 1.916659 -0.673061 -2.570172
42 1.911099 -0.676636 -2.573488
42 1.905707 -0.680077 -2.578724
42 1.900477 -0.683377 -2.585182
42 1.894791 -0.686913 -2.589720
42 1.889453 -0.690200 -2.593036
42 1.887525 -0.691379 -2.594257
42 1.881989 -0.694752 -2.596177
42 1.876265 -0.698225 -2.600715
42 1.874437 -0.699323 -2.601413
42 1.868878 -0.702657 -2.604729
42 1.863161 -0.706059 -2.609442
42 1.861250 -0.707185 -2.611711
42 1.855841 -0.710353 -2.617121
42 1.850378 -0.713514 -2.620786
42 1.848528 -0.714575 -2.622008
43 1.842716 -0.717899 -2.625499
43 1.840862 -0.718951 -2.626895
43 1.835257 -0.722121 -2.629164
43 1.829756 -0.725216 -2.631782
43 1.827969 -0.726215 -2.633178
43 1.822381 -0.729329 -2.636145
43 1.820515 -0.730361 -2.637192
43 1.815027 -0.733391 -2.640509
43 1.813157 -0.734415 -2.641032
43 1.807769 -0.737363 -2.642778
43 1.802040 -0.740484 -2.645745
43 1.796601 -0.743426 -2.646966
43 1.794574 -0.744519 -2.648188
43 1.788977 -0.747529 -2.649061
43 1.783303 -0.750574 -2.652202
43 1.777582 -0.753621 -2.655518
43 1.775810 -0.754557 -2.656042
43 1.770152 -0.757543 -2.657613
43 1.764603 -0.760460 -2.659882
43 1.758745 -0.763522 -2.663722
43 1.753027 -0.766484 -2.667561
44 1.747336 -0.769404 -2.668783
44 1.741451 -0.772414 -2.671925
44 1.735822 -0.775270 -2.674892
44 1.729843 -0.778283 -2.677161
44 1.727975 -0.779219 -2.677510
44 1.722026 -0.782197 -2.680826
44 1.715990 -0.785193 -2.682571
44 1.710064 -0.788122 -2.684316
44 1.704210 -0.791002 -2.688331
44 1.698229 -0.793916 -2.693916
44 1.692270 -0.796777 -2.699152
44 1.686374 -0.799571 -2.701421
44 1.680239 -0.802460 -2.703690
44 1.678269 -0.803382 -2.704388
44 1.672242 -0.806199 -2.707704
44 1.666283 -0.808960 -2.708402
44 1.660284 -0.811735 -2.710322
44 1.654202 -0.814533 -2.714162
45 1.648497 -0.817132 -2.716256
45 1.642709 -0.819754 -2.718525
45 1.636564 -0.822520 -2.720619
45 1.630609 -0.825187 -2.722016
45 1.628701 -0.826038 -2.722714
45 1.623870 -0.828189 -2.724284
45 1.618880 -0.830401 -2.724459
45 1.614006 -0.832561 -2.723063
45 1.609564 -0.834537 -2.721143
45 1.604347 -0.836869 -2.719921
45 1.602363 -0.837760 -2.718176
45 1.596764 -0.840283 -2.720619
45 1.590887 -0.842914 -2.724983
45 1.589327 -0.843605 -2.724633
45 1.583751 -0.846074 -2.723935
45 1.581958 -0.846870 -2.723761
45 1.578177 -0.848549 -2.723586
45 1.576618 -0.849241 -2.723412
45 1.572409 -0.851112 -2.721666
45 1.568242 -0.852972 -2.716256
46 1.563659 -0.855048 -2.711194
46 1.562108 -0.855760 -2.708926
46 1.556804 -0.858210 -2.706657
46 1.550926 -0.860941 -2.708576
46 1.545042 -0.863661 -2.712242
46 1.543491 -0.864371 -2.712242
46 1.538566 -0.866626 -2.711194
46 1.534303 -0.868583 -2.708576
46 1.530819 -0.870194 -2.707355
46 1.526950 -0.871988 -2.700373
46 1.523210 -0.873754 -2.690600
46 1.521905 -0.874386 -2.688680
46 1.516651 -0.876943 -2.680302
46 1.515009 -0.877759 -2.678731
46 1.509667 -0.880425 -2.677859
46 1.507645 -0.881436 -2.678557
46 1.501769 -0.884369 -2.682222
46 1.495501 -0.887470 -2.685015
46 1.489606 -0.890366 -2.685538
46 1.483480 -0.893371 -2.686236
47 1.477505 -0.896297 -2.687458
47 1.471450 -0.899253 -2.690251
47 1.469454 -0.900220 -2.690425
47 1.463544 -0.903083 -2.691123
47 1.457478 -0.906017 -2.694265
47 1.452018 -0.908637 -2.695836
47 1.446708 -0.911174 -2.695486
47 1.442207 -0.913327 -2.694788
47 1.440938 -0.913935 -2.694963
47 1.436745 -0.915943 -2.690425
47 1.433675 -0.917430 -2.686062
47 1.432449 -0.918031 -2.681698
47 1.430921 -0.918788 -2.671750
47 1.430236 -0.919135 -2.667387
47 1.428984 -0.919778 -2.644697
47 1.428647 -0.919961 -2.637891
47 1.427601 -0.920537 -2.619216
47 1.426751 -0.921027 -2.595305
47 1.426241 -0.921337 -2.575408
47 1.425629 -0.921726 -2.548879
48 1.425523 -0.921797 -2.540327
48 1.424714 -0.922352 -2.516939
48 1.424091 -0.922801 -2.492854
48 1.423853 -0.922981 -2.485174
48 1.423212 -0.923476 -2.457598
48 1.422749 -0.923853 -2.434734
48 1.422165 -0.924352 -2.410474
48 1.421498 -0.924950 -2.384120
48 1.420755 -0.925653 -2.361954
48 1.419511 -0.926882 -2.334029
48 1.418981 -0.927437 -2.326698
48 1.417430 -0.929081 -2.304009
48 1.415518 -0.931204 -2.288301
48 1.413415 -0.933614 -2.273117
48 1.410881 -0.936609 -2.252522
48 1.407790 -0.940417 -2.238734
48 1.406628 -0.941890 -2.233847
48 1.403242 -0.946226 -2.227913
48 1.399751 -0.950751 -2.224248
48 1.398610 -0.952241 -2.223200
49 1.395141 -0.956782 -2.219535
49 1.394059 -0.958209 -2.218488
49 1.390560 -0.962834 -2.211507
49 1.389565 -0.964167 -2.210110
49 1.386079 -0.968856 -2.202780
49 1.383283 -0.972675 -2.194926
49 1.380666 -0.976309 -2.191959
49 1.378482 -0.979361 -2.190214
49 1.377739 -0.980403 -2.190214
49 1.376353 -0.982347 -2.185152
49 1.374878 -0.984438 -2.177298
49 1.373954 -0.985770 -2.174157
49 1.373204 -0.986858 -2.171364
49 1.372578 -0.987773 -2.165779
49 1.372434 -0.987985 -2.164906
49 1.372386 -0.988055 -2.164208
49 1.372386 -0.988055 -2.164034
49 1.372386 -0.988055 -2.164034
49 1.372386 -0.988055 -2.164208
49 1.372386 -0.988055 -2.164034
50 1.372386 -0.988055 -2.163859
50 1.372386 -0.988055 -2.164034
50 1.372386 -0.988055 -2.164034
50 1.372386 -0.988055 -2.164034
50 1.372386 -0.988055 -2.164034
50 1.372386 -0.988055 -2.164034
50 1.372386 -0.988055 -2.164208
50 1.372434 -0.987985 -2.165430
50 1.372458 -0.987949 -2.166652
50 1.372506 -0.987879 -2.173284
50 1.372554 -0.987809 -2.181487
50 1.372212 -0.988298 -2.191959
50 1.371591 -0.989165 -2.204700
50 1.370556 -0.990574 -2.214997
50 1.369531 -0.991937 -2.223724
50 1.369117 -0.992479 -2.225469
50 1.366806 -0.995490 -2.228087
50 1.364408 -0.998596 -2.227040
50 1.361676 -1.002144 -2.226167
51 1.358531 -1.006235 -2.225469
51 1.355519 -1.010159 -2.225993
51 1.352349 -1.014285 -2.225644
51 1.349388 -1.018141 -2.227215
51 1.346525 -1.021857 -2.226691
51 1.345563 -1.023107 -2.227389
51 1.342491 -1.027093 -2.226342
51 1.339450 -1.031049 -2.227564
51 1.338408 -1.032400 -2.227215
51 1.335884 -1.035677 -2.227389
51 1.334894 -1.036960 -2.227913
51 1.332576 -1.039965 -2.228087
51 1.330674 -1.042430 -2.231578
51 1.330046 -1.043238 -2.234545
51 1.327482 -1.046484 -2.254791
51 1.327159 -1.046881 -2.259154
51 1.326129 -1.048132 -2.273989
51 1.325440 -1.048946 -2.287079
51 1.324544 -1.049975 -2.301740
52 1.323519 -1.051118 -2.318321
52 1.322185 -1.052557 -2.332458
52 1.320508 -1.054316 -2.348166
52 1.318563 -1.056292 -2.359860
52 1.315930 -1.058906 -2.371902
52 1.314950 -1.059855 -2.375393
52 1.311785 -1.062901 -2.381676
52 1.308014 -1.066485 -2.385167
52 1.304106 -1.070173 -2.384643
52 1.300230 -1.073834 -2.385691
52 1.296476 -1.077373 -2.387261
52 1.295264 -1.078512 -2.387785
52 1.291501 -1.082044 -2.387610
52 1.287678 -1.085635 -2.389181
52 1.286401 -1.086830 -2.389181
52 1.282572 -1.090414 -2.390228
52 1.281294 -1.091608 -2.390054
52 1.278272 -1.094432 -2.389705
52 1.277088 -1.095539 -2.390228
52 1.274501 -1.097955 -2.391101
52 1.272349 -1.099962 -2.398082
53 1.270905 -1.101290 -2.408903
53 1.270303 -1.101832 -2.416234
53 1.268197 -1.103699 -2.431593
53 1.265642 -1.105895 -2.443985
53 1.264629 -1.106745 -2.449046
53 1.261182 -1.109604 -2.454107
53 1.259765 -1.110767 -2.454282
53 1.255974 -1.113879 -2.454631
53 1.254524 -1.115069 -2.454457
53 1.250370 -1.118477 -2.453235
53 1.246187 -1.121918 -2.455504
53 1.242194 -1.125187 -2.454806
53 1.237907 -1.128702 -2.456202
53 1.236620 -1.129755 -2.456027
53 1.232559 -1.133076 -2.457075
53 1.228595 -1.136312 -2.456725
53 1.227240 -1.137418 -2.457075
53 1.223078 -1.140816 -2.456376
53 1.218851 -1.144270 -2.458122
53 1.214519 -1.147798 -2.456900
54 1.210126 -1.151385 -2.457947
54 1.206059 -1.154698 -2.458296
54 1.201859 -1.158118 -2.459693
54 1.200501 -1.159220 -2.460216
54 1.196195 -1.162712 -2.460391
54 1.191822 -1.166257 -2.460565
54 1.187515 -1.169747 -2.460565
54 1.183108 -1.173318 -2.461961
54 1.178829 -1.176776 -2.462136
54 1.174417 -1.180340 -2.463881
54 1.169866 -1.184003 -2.464230
54 1.165513 -1.187504 -2.464929
54 1.164050 -1.188679 -2.465452
54 1.159692 -1.192175 -2.467721
54 1.155060 -1.195874 -2.469292
54 1.150756 -1.199301 -2.468768
54 1.146220 -1.202915 -2.469815
54 1.141647 -1.206551 -2.469990
55 1.140145 -1.207745 -2.470863
55 1.135802 -1.211191 -2.470863
55 1.131325 -1.214743 -2.470863
55 1.129955 -1.215830 -2.470688
55 1.125179 -1.219621 -2.471561
55 1.123842 -1.220681 -2.471386
55 1.119096 -1.224442 -2.472259
55 1.117725 -1.225527 -2.472084
55 1.113344 -1.228994 -2.471735
55 1.109031 -1.232410 -2.472084
55 1.104149 -1.236274 -2.472084
55 1.102711 -1.237412 -2.471735
55 1.098232 -1.240960 -2.472259
55 1.094118 -1.244215 -2.472084
55 1.092580 -1.245432 -2.472433
55 1.087964 -1.249083 -2.472608
55 1.086659 -1.250114 -2.472782
55 1.081607 -1.254107 -2.472608
55 1.080369 -1.255086 -2.472608
55 1.075652 -1.258815 -2.472608
55 1.071437 -1.262148 -2.472433
55 1.066620 -1.265957 -2.473132
56 1.062102 -1.269525 -2.472433
56 1.060463 -1.270821 -2.472259
56 1.056249 -1.274155 -2.472259
56 1.051600 -1.277833 -2.472433
56 1.046817 -1.281616 -2.473306
56 1.042332 -1.285157 -2.473655
56 1.037276 -1.289146 -2.472782
56 1.035871 -1.290256 -2.472259
56 1.031122 -1.294014 -2.474179
56 1.026667 -1.297524 -2.475226
56 1.021873 -1.301294 -2.475226
56 1.020398 -1.302454 -2.475575
56 1.015435 -1.306354 -2.476099
56 1.010772 -1.310014 -2.476448
56 1.006075 -1.313699 -2.476797
56 1.001208 -1.317513 -2.477844
56 0.996404 -1.321270 -2.478018
56 0.992171 -1.324580 -2.477844
56 0.990861 -1.325605 -2.478891
56 0.986490 -1.329016 -2.482033
57 0.983019 -1.331707 -2.486920
57 0.981903 -1.332564 -2.488316
57 0.978990 -1.334793 -2.496170
57 0.978207 -1.335383 -2.498439
57 0.976193 -1.336892 -2.511529
57 0.974367 -1.338224 -2.531949
57 0.973039 -1.339152 -2.549577
57 0.971340 -1.340294 -2.568252
57 0.970767 -1.340664 -2.574186
57 0.968861 -1.341879 -2.592687
57 0.966714 -1.343192 -2.612583
57 0.965941 -1.343644 -2.617819
57 0.962691 -1.345521 -2.635796
57 0.959259 -1.347422 -2.650632
57 0.954332 -1.350056 -2.663896
57 0.950166 -1.352212 -2.666863
57 0.944667 -1.355039 -2.669307
57 0.939805 -1.357522 -2.672972
57 0.937979 -1.358447 -2.673844
58 0.933221 -1.360850 -2.674193
58 0.928157 -1.363406 -2.676811
58 0.923202 -1.365891 -2.679779
58 0.918276 -1.368342 -2.684142
58 0.913188 -1.370847 -2.685887
58 0.911464 -1.371692 -2.687982
58 0.906404 -1.374158 -2.690251
58 0.901377 -1.376595 -2.692519
58 0.899841 -1.377336 -2.692170
58 0.894655 -1.379837 -2.693741
58 0.893041 -1.380613 -2.694614
58 0.887964 -1.383046 -2.697232
58 0.881068 -1.386319 -2.701595
58 0.875744 -1.388826 -2.705609
58 0.870680 -1.391185 -2.707878
58 0.868861 -1.392028 -2.709275
58 0.863827 -1.394351 -2.713463
58 0.858279 -1.396882 -2.716605
58 0.856647 -1.397621 -2.717652
58 0.851205 -1.400077 -2.719223
59 0.849416 -1.400881 -2.719921
59 0.842293 -1.404070 -2.723761
59 0.836914 -1.406458 -2.726728
59 0.831411 -1.408882 -2.730742
59 0.826524 -1.411011 -2.733360
59 0.821827 -1.413042 -2.737025
59 0.820651 -1.413546 -2.739120
59 0.816962 -1.415116 -2.749243
59 0.814165 -1.416274 -2.766870
59 0.811064 -1.417478 -2.792003
59 0.808740 -1.418325 -2.810504
59 0.807248 -1.418838 -2.831971
59 0.805420 -1.419423 -2.851868
59 0.803458 -1.420008 -2.872463
59 0.800909 -1.420711 -2.894978
59 0.800082 -1.420919 -2.900039
59 0.796563 -1.421786 -2.918540
59 0.793028 -1.422588 -2.934248
60 0.788145 -1.423615 -2.950130
60 0.782953 -1.424621 -2.957286
60 0.777084 -1.425716 -2.961475
60 0.775364 -1.426029 -2.961998
60 0.769615 -1.427072 -2.964791
60 0.764242 -1.428033 -2.966013
60 0.762268 -1.428383 -2.967060
60 0.756892 -1.429331 -2.970027
60 0.751052 -1.430343 -2.975088
60 0.749327 -1.430632 -2.976135
60 0.744490 -1.431440 -2.979452
60 0.739650 -1.432232 -2.984513
60 0.735480 -1.432892 -2.991843
60 0.731853 -1.433439 -3.005108
60 0.730671 -1.433602 -3.008948
60 0.728219 -1.433929 -3.023434
60 0.725635 -1.434236 -3.038967
60 0.724872 -1.434314 -3.043854
60 0.722071 -1.434589 -3.063402
60 0.719052 -1.434826 -3.082426
61 0.715519 -1.435035 -3.102323
61 0.711300 -1.435201 -3.118380
61 0.706568 -1.435310 -3.130248
61 0.701152 -1.435372 -3.140720
61 0.699233 -1.435374 3.141244
61 0.693092 -1.435371 3.136182
61 0.687377 -1.435341 3.134437
61 0.685330 -1.435326 3.133041
61 0.679701 -1.435278 3.127455
61 0.673902 -1.435196 3.119252
61 0.668231 -1.435069 3.111573
61 0.662264 -1.434890 3.108082
61 0.656211 -1.434687 3.103195
61 0.654166 -1.434608 3.101625
61 0.649010 -1.434402 3.097261
61 0.643684 -1.434166 3.091676
61 0.642066 -1.434085 3.089058
61 0.638190 -1.433881 3.080157
61 0.634317 -1.433643 3.064798
61 0.633551 -1.433584 3.059562
62 0.630491 -1.433333 3.042982
62 0.628157 -1.433102 3.020816
62 0.626125 -1.432855 3.000570
62 0.624141 -1.432573 2.978404
62 0.623594 -1.432483 2.972296
62 0.622963 -1.432375 2.952923
62 0.621832 -1.432159 2.929535
62 0.620915 -1.431962 2.911035
62 0.620209 -1.431796 2.883284
62 0.619096 -1.431502 2.858849
62 0.618932 -1.431455 2.846981
62 0.617993 -1.431170 2.822023
62 0.617062 -1.430862 2.798635
62 0.615857 -1.430431 2.772281
62 0.615300 -1.430216 2.764078
62 0.613834 -1.429634 2.736851
62 0.611638 -1.428694 2.714511
62 0.609077 -1.427528 2.694614
62 0.606077 -1.426090 2.679953
63 0.602259 -1.424191 2.662500
63 0.600896 -1.423483 2.654995
63 0.596674 -1.421249 2.643301
63 0.591842 -1.418620 2.634225
63 0.590165 -1.417688 2.632829
63 0.585621 -1.415153 2.629862
63 0.580490 -1.412272 2.625150
63 0.578969 -1.411408 2.623753
63 0.573522 -1.408305 2.619216
63 0.568718 -1.405539 2.613980
63 0.563706 -1.402619 2.609791
63 0.558597 -1.399613 2.604031
63 0.556876 -1.398587 2.602286
63 0.552704 -1.396090 2.596526
63 0.548219 -1.393370 2.588672
63 0.547057 -1.392654 2.585531
63 0.543145 -1.390222 2.573313
63 0.539012 -1.387583 2.562143
63 0.534373 -1.384547 2.548704
63 0.529740 -1.381426 2.538232
64 0.524894 -1.378086 2.533520
64 0.519818 -1.374554 2.528982
64 0.518179 -1.373401 2.527586
64 0.513124 -1.369839 2.524095
64 0.508152 -1.366308 2.520255
64 0.503298 -1.362832 2.516765
64 0.498213 -1.359165 2.512751
64 0.493385 -1.355653 2.509260
64 0.491802 -1.354494 2.507165
64 0.486994 -1.350955 2.499661
64 0.482314 -1.347457 2.490410
64 0.480686 -1.346216 2.489538
64 0.475974 -1.342619 2.487443
64 0.474418 -1.341425 2.486920
64 0.469614 -1.337738 2.484302
64 0.464887 -1.334090 2.481509
64 0.460137 -1.330403 2.477146
64 0.458727 -1.329299 2.476273
64 0.453963 -1.325560 2.473830
64 0.452423 -1.324346 2.472782
64 0.447739 -1.320644 2.468245
65 0.443371 -1.317160 2.463707
65 0.438455 -1.313201 2.460914
65 0.432262 -1.308177 2.455678
65 0.427741 -1.304476 2.452537
65 0.423100 -1.300653 2.451315
65 0.418694 -1.297014 2.447999
65 0.413873 -1.293007 2.440494
65 0.412504 -1.291851 2.439098
65 0.408371 -1.288352 2.435432
65 0.406976 -1.287162 2.434734
65 0.403765 -1.284420 2.428975
65 0.402700 -1.283500 2.426880
65 0.399608 -1.280816 2.413092
65 0.396617 -1.278148 2.395115
65 0.393361 -1.275136 2.381327
65 0.389900 -1.271844 2.368063
65 0.385720 -1.267762 2.358812
65 0.381457 -1.263522 2.350959
65 0.379927 -1.261976 2.349911
66 0.375582 -1.257576 2.346421
66 0.371133 -1.253039 2.343454
66 0.366727 -1.248520 2.340487
66 0.362365 -1.244018 2.335251
66 0.357996 -1.239462 2.331411
66 0.349430 -1.230424 2.322335
66 0.345091 -1.225782 2.317623
66 0.343730 -1.224311 2.317099
66 0.339473 -1.219708 2.313783
66 0.335261 -1.215123 2.309420
66 0.331069 -1.210519 2.307325
66 0.326944 -1.205970 2.305580
66 0.322713 -1.201287 2.302787
66 0.318466 -1.196560 2.302089
66 0.317070 -1.195005 2.301915
66 0.313027 -1.190497 2.301042
66 0.309044 -1.186048 2.297726
67 0.307656 -1.184487 2.295632
67 0.303669 -1.179986 2.291094
67 0.299449 -1.175178 2.288301
67 0.295468 -1.170615 2.286556
67 0.291298 -1.165820 2.283938
67 0.287281 -1.161175 2.282542
67 0.285944 -1.159625 2.282367
67 0.281933 -1.154975 2.280971
67 0.277846 -1.150221 2.278004
67 0.273745 -1.145423 2.274513
67 0.272421 -1.143862 2.273291
67 0.268370 -1.139078 2.269801
67 0.267053 -1.137511 2.269103
67 0.263023 -1.132709 2.266485
67 0.258950 -1.127832 2.262645
67 0.257617 -1.126222 2.262121
67 0.253539 -1.121294 2.260027
67 0.249444 -1.116325 2.255838
67 0.248067 -1.114640 2.254442
67 0.244108 -1.109780 2.250078
67 0.240116 -1.104836 2.247460
68 0.238834 -1.103240 2.246064
68 0.234702 -1.098081 2.241701
68 0.230699 -1.093037 2.237163
68 0.226665 -1.087908 2.234545
68 0.222698 -1.082836 2.232102
68 0.218665 -1.077653 2.228262
68 0.217362 -1.075965 2.227040
68 0.213485 -1.070931 2.224073
68 0.212137 -1.069170 2.222851
68 0.208384 -1.064255 2.221106
68 0.207016 -1.062456 2.219710
68 0.203176 -1.057393 2.217615
68 0.199244 -1.052186 2.214823
68 0.195454 -1.047139 2.212728
68 0.194228 -1.045499 2.211681
68 0.190327 -1.040269 2.209761
68 0.186563 -1.035203 2.206794
68 0.182840 -1.030159 2.204525
68 0.181602 -1.028476 2.204176
68 0.177841 -1.023354 2.202256
68 0.174040 -1.018156 2.201558
69 0.170217 -1.012921 2.201035
69 0.166447 -1.007753 2.199813
69 0.165192 -1.006029 2.198417
69 0.162738 -1.002646 2.195450
69 0.159122 -0.997630 2.193704
69 0.155440 -0.992504 2.193181
69 0.154197 -0.990771 2.192483
69 0.150521 -0.985641 2.191261
69 0.149182 -0.983767 2.190563
69 0.145491 -0.978595 2.188817
69 0.144157 -0.976718 2.187596
69 0.140506 -0.971569 2.187247
69 0.136807 -0.966350 2.185327
69 0.132922 -0.960844 2.181662
69 0.129302 -0.955674 2.178345
69 0.127963 -0.953748 2.177298
69 0.124439 -0.948668 2.175378
69 0.120899 -0.943545 2.171888
69 0.119959 -0.942173 2.171015
69 0.116418 -0.937000 2.168746
69 0.113825 -0.933193 2.167524
70 0.111357 -0.929560 2.164034
70 0.109259 -0.926448 2.163336
70 0.107568 -0.923937 2.158798
70 0.106385 -0.922163 2.156005
70 0.106102 -0.921736 2.154434
70 0.105256 -0.920455 2.140995
70 0.104704 -0.919593 2.128953
70 0.104004 -0.918472 2.117433
70 0.103516 -0.917670 2.102598
70 0.102910 -0.916641 2.082527
70 0.102430 -0.915786 2.061932
70 0.101968 -0.914921 2.039592
70 0.101505 -0.914008 2.015681
70 0.101358 -0.913700 2.010794
70 0.100886 -0.912697 1.996133
70 0.100481 -0.911803 1.986010
70 0.100120 -0.910984 1.976236
70 0.100053 -0.910827 1.971349
71 0.100053 -0.910827 1.966637
71 0.100053 -0.910827 1.966986
71 0.100053 -0.910827 1.967335
71 0.100036 -0.910788 1.967684
71 0.100003 -0.910709 1.967859
71 0.099987 -0.910670 1.968382
71 0.099937 -0.910552 1.968731
71 0.099937 -0.910552 1.973095
71 0.099837 -0.910317 1.983916
71 0.099802 -0.910238 2.000671
71 0.099714 -0.910045 2.018124
71 0.099714 -0.910045 2.027025
71 0.099657 -0.909930 2.044304
71 0.099657 -0.909930 2.063154
71 0.099415 -0.909479 2.080083
71 0.099249 -0.909181 2.085843
71 0.098808 -0.908402 2.104693
71 0.097961 -0.906970 2.117608
71 0.096897 -0.905221 2.130872
72 0.095855 -0.903559 2.143090
72 0.093961 -0.900620 2.156529
72 0.091604 -0.897066 2.164732
72 0.089121 -0.893390 2.168746
72 0.085325 -0.887823 2.170491
72 0.084266 -0.886274 2.170666
72 0.081449 -0.882156 2.169793
72 0.080464 -0.880712 2.170317
72 0.077672 -0.876627 2.170666
72 0.074880 -0.872544 2.172237
72 0.072177 -0.868606 2.172062
72 0.069258 -0.864351 2.173808
72 0.066404 -0.860206 2.173284
72 0.063576 -0.856095 2.175204
72 0.062680 -0.854797 2.175029
72 0.059821 -0.850656 2.175902
72 0.056983 -0.846552 2.176775
72 0.054043 -0.842310 2.177822
73 0.051149 -0.838142 2.177647
73 0.048133 -0.833798 2.179393
73 0.045207 -0.829600 2.180265
73 0.044182 -0.828131 2.180614
73 0.041324 -0.824041 2.180614
73 0.038320 -0.819741 2.181662
73 0.037439 -0.818483 2.182011
73 0.034527 -0.814327 2.183581
73 0.031584 -0.810141 2.184629
73 0.028464 -0.805713 2.185327
73 0.025464 -0.801462 2.185152
73 0.022293 -0.796967 2.185676
73 0.019366 -0.792822 2.186025
73 0.018258 -0.791254 2.186723
73 0.015228 -0.786973 2.186723
73 0.012000 -0.782413 2.186723
73 0.011015 -0.781021 2.186548
73 0.008059 -0.776843 2.187421
73 0.004952 -0.772459 2.187421
73 0.001746 -0.767936 2.188119
74 -0.001241 -0.763728 2.187945
74 -0.004672 -0.758894 2.188817
74 -0.005611 -0.757573 2.188817
74 -0.008156 -0.753993 2.189341
74 -0.010950 -0.750067 2.187596
74 -0.013269 -0.746797 2.185850
74 -0.015164 -0.744115 2.182883
74 -0.016683 -0.741951 2.174506
74 -0.017845 -0.740266 2.161416
74 -0.018842 -0.738778 2.147802
74 -0.019517 -0.737742 2.131571
74 -0.020084 -0.736839 2.117259
74 -0.020173 -0.736693 2.111674
74 -0.020458 -0.736218 2.090555
74 -0.020543 -0.736070 2.071531
74 -0.020686 -0.735808 2.047795
74 -0.020941 -0.735315 2.028422
74 -0.021092 -0.735009 2.008874
75 -0.021182 -0.734816 1.990723
75 -0.021252 -0.734660 1.968906
75 -0.021285 -0.734582 1.957910
75 -0.021446 -0.734187 1.937665
75 -0.021492 -0.734067 1.931381
75 -0.021537 -0.733948 1.908867
75 -0.021565 -0.733867 1.902060
75 -0.021648 -0.733625 1.881814
75 -0.021753 -0.733301 1.860696
75 -0.021814 -0.733096 1.842020
75 -0.021882 -0.732850 1.818459
75 -0.021893 -0.732808 1.811652
75 -0.021923 -0.732684 1.790708
75 -0.021979 -0.732434 1.766273
75 -0.021987 -0.732393 1.759466
75 -0.022035 -0.732141 1.735904
75 -0.022063 -0.731973 1.715659
75 -0.022119 -0.731593 1.689828
75 -0.022154 -0.731297 1.669233
75 -0.022167 -0.731169 1.650034
76 -0.022177 -0.731042 1.623505
76 -0.022179 -0.730999 1.615477
76 -0.022192 -0.730701 1.591217
76 -0.022196 -0.730530 1.572367
76 -0.022196 -0.730445 1.546536
76 -0.022186 -0.730019 1.524720
76 -0.022180 -0.729891 1.506219
76 -0.022171 -0.729763 1.481435
76 -0.022149 -0.729509 1.457350
76 -0.022129 -0.729339 1.433264
76 -0.022118 -0.729255 1.426807
76 -0.022099 -0.729128 1.420174
76 -0.022093 -0.729086 1.400976
76 -0.022028 -0.728707 1.376192
76 -0.021970 -0.728415 1.353677
76 -0.021952 -0.728331 1.327148
76 -0.021942 -0.728290 1.305332
76 -0.021919 -0.728208 1.280548
76 -0.021870 -0.728044 1.257684
77 -0.021844 -0.727963 1.230981
77 -0.021844 -0.727963 1.223825
77 -0.021801 -0.727843 1.201485
77 -0.021739 -0.727684 1.172687
77 -0.021756 -0.727723 1.148950
77 -0.021651 -0.727489 1.121549
77 -0.021466 -0.727105 1.097812
77 -0.021349 -0.726878 1.072330
77 -0.021308 -0.726803 1.065524
77 -0.021246 -0.726691 1.038820
77 -0.021117 -0.726470 1.015782
77 -0.021117 -0.726470 1.008451
77 -0.021094 -0.726434 0.981922
77 -0.021094 -0.726434 0.956789
77 -0.020971 -0.726260 0.930086
77 -0.020971 -0.726260 0.907397
77 -0.020892 -0.726159 0.877901
77 -0.020865 -0.726126 0.870047
77 -0.020672 -0.725898 0.848405
78 -0.020701 -0.725930 0.821526
78 -0.020584 -0.725805 0.795347
78 -0.020346 -0.725561 0.769516
78 -0.020254 -0.725472 0.753459
78 -0.020192 -0.725414 0.736354
78 -0.020128 -0.725357 0.721519
78 -0.019968 -0.725216 0.712094
78 -0.019904 -0.725160 0.703019
78 -0.019839 -0.725105 0.701273
78 -0.019741 -0.725023 0.697957
78 -0.019643 -0.724940 0.696212
78 -0.019643 -0.724940 0.694641
78 -0.019643 -0.724940 0.694990
78 -0.019643 -0.724940 0.694990
78 -0.019643 -0.724940 0.694990
78 -0.019643 -0.724940 0.694990
78 -0.019643 -0.724940 0.694990
78 -0.019676 -0.724968 0.694990
78 -0.019676 -0.724968 0.694990
79 -0.019708 -0.724995 0.694467
79 -0.019741 -0.725022 0.694292
79 -0.019741 -0.725022 0.693768
79 -0.019610 -0.724913 0.690452
79 -0.019577 -0.724886 0.683995
79 -0.019544 -0.724859 0.673173
79 -0.019611 -0.724912 0.669683
79 -0.019611 -0.724912 0.657116
79 -0.019813 -0.725069 0.643328
79 -0.019882 -0.725120 0.633904
79 -0.019813 -0.725069 0.616799
79 -0.019743 -0.725020 0.601615
79 -0.019743 -0.725020 0.580147
79 -0.019743 -0.725020 0.564789
79 -0.019779 -0.725043 0.568628
79 -0.019779 -0.725043 0.569152
79 -0.019779 -0.725043 0.568105
79 -0.019779 -0.725043 0.568628
79 -0.019779 -0.725043 0.568803
80 -0.019779 -0.725043 0.568454
80 -0.019779 -0.725043 0.568454
80 -0.019779 -0.725043 0.568454
80 -0.019779 -0.725043 0.568279
80 -0.019779 -0.725043 0.568279
80 -0.019779 -0.725043 0.568279
80 -0.019779 -0.725043 0.568279
80 -0.019779 -0.725043 0.568279
80 -0.019779 -0.725043 0.568279
80 -0.019779 -0.725043 0.568279
80 -0.019779 -0.725043 0.568279
80 -0.019779 -0.725043 0.568279
80 -0.019779 -0.725043 0.568279
80 -0.019779 -0.725043 0.568279
80 -0.019779 -0.725043 0.568279
80 -0.019779 -0.725043 0.568279
80 -0.019779 -0.725043 0.568279
80 -0.019779 -0.725043 0.568279
80 -0.019779 -0.725043 0.568279
80 -0.019779 -0.725043 0.568279
81 -0.019779 -0.725043 0.568279
81 -0.019779 -0.725043 0.568279
81 -0.019779 -0.725043 0.568279
81 -0.019779 -0.725043 0.568279
81 -0.019779 -0.725043 0.568279
81 -0.019779 -0.725043 0.568279
81 -0.019779 -0.725043 0.568279
81 -0.019779 -0.725043 0.568279
81 -0.019779 -0.725043 0.568279
81 -0.019779 -0.725043 0.568279
81 -0.019779 -0.725043 0.568279
81 -0.019779 -0.725043 0.568279
81 -0.019779 -0.725043 0.568279
81 -0.019779 -0.725043 0.568279
81 -0.019779 -0.725043 0.568279
81 -0.019779 -0.725043 0.568279
81 -0.019779 -0.725043 0.568279
82 -0.019779 -0.725043 0.568279
82 -0.019779 -0.725043 0.568279
82 -0.019779 -0.725043 0.568279
82 -0.019779 -0.725043 0.568279
82 -0.019779 -0.725043 0.568279
82 -0.019779 -0.725043 0.568279
82 -0.019779 -0.725043 0.568279
82 -0.019779 -0.725043 0.568279
82 -0.019779 -0.725043 0.568279
82 -0.019779 -0.725043 0.568279
82 -0.019779 -0.725043 0.568279
82 -0.019779 -0.725043 0.568279
82 -0.019779 -0.725043 0.568279
82 -0.019779 -0.725043 0.568279
82 -0.019779 -0.725043 0.568279
82 -0.019779 -0.725043 0.568279
82 -0.019779 -0.725043 0.568279
82 -0.019779 -0.725043 0.568279
82 -0.019779 -0.725043 0.568279
82 -0.019779 -0.725043 0.568279
82 -0.019779 -0.725043 0.568279
83 -0.019779 -0.725043 0.568279
83 -0.019779 -0.725043 0.568279
83 -0.019779 -0.725043 0.568279
83 -0.019779 -0.725043 0.568279
83 -0.019779 -0.725043 0.568279
83 -0.019779 -0.725043 0.568279
83 -0.019779 -0.725043 0.568279
83 -0.019779 -0.725043 0.568279
83 -0.019779 -0.725043 0.568279
