7 -0.102432 -0.999730 0.497343
9 0.112813 -0.866099 0.501252
11 0.267422 -0.772641 0.491583
13 0.500947 -0.627800 0.495485
15 0.637588 -0.540877 0.488506
17 0.773376 -0.459661 0.497194
19 0.951110 -0.366934 0.592731
21 1.106613 -0.252685 0.613534
23 1.240183 -0.145458 0.404743
25 1.346269 -0.110499 -0.080855
26 1.442940 -0.132808 -0.582926
28 1.557784 -0.222436 -0.810286
30 1.540962 -0.474329 -0.913094
32 1.665776 -0.629385 -0.993993
34 1.922855 -0.644081 -1.097809
36 1.998513 -0.745836 -1.663424
38 1.924539 -0.773109 -2.094738
40 1.789865 -0.955919 -2.358385
42 1.670233 -1.079806 -2.514427
44 1.539480 -1.182466 -2.627697
46 1.378488 -1.279835 -2.646345
47 1.295071 -1.321849 -2.471211
49 0.928587 -1.145501 -2.308235
52 0.877371 -1.197406 -2.440444
53 1.095294 -1.569934 -2.561425
55 0.976109 -1.647628 -2.616616
57 0.773212 -1.789785 -2.795326
59 0.665641 -1.805468 -2.989650
61 0.607601 -1.739757 2.983593
64 0.519736 -1.700334 2.419075
66 0.421696 -1.593537 2.343447
68 0.265217 -1.463300 2.218568
70 0.135315 -1.311434 2.145635
72 0.203565 -1.166527 1.967800
74 0.140297 -0.975110 1.977392
75 0.128314 -0.942496 1.436817
77 0.076802 -0.991932 0.609432
80 -0.046419 -0.989462 0.238845
82 -0.148910 -1.104390 0.325455
