0.148303 -0.992127 0.180647 0.112813 -0.866099 0.501252
0.269758 -0.990424 0.10216 -0.102432 -0.99973 0.497343
0.429923 -0.944855 0.270026 0.500947 -0.6278 0.495485
0.682506 -0.847152 0.379952 0.500947 -0.6278 0.495485
0.928854 -0.725593 0.412219 0.637588 -0.540877 0.488506
1.12173 -0.629577 0.402796 0.773376 -0.459661 0.497194
1.27457 -0.560776 0.401543 0.95111 -0.366934 0.592731
1.5259 -0.445322 0.398396 1.10661 -0.252685 0.613534
1.57024 -0.111111 0.498873 1.34627 -0.110499 -0.080855
1.73505 -0.003424 0.480858 1.34627 -0.110499 -0.080855
1.87543 0.071534 -0.159366 0.203565 -1.16653 1.9678
1.99925 0.017903 -0.707792 0.203565 -1.16653 1.9678
2.03 -0.267104 -1.1478 0.203565 -1.16653 1.9678
2.12403 -0.371887 -1.19897 0.203565 -1.16653 1.9678
2.23498 -0.575938 -1.28019 0.637588 -0.540877 0.488506
2.29242 -0.817404 -1.20045 0.500947 -0.6278 0.495485
2.27557 -1.06118 -2.08234 1.44294 -0.132808 -0.582926
2.3312 -1.03446 -2.77973 0.203565 -1.16653 1.9678
2.1979 -0.935568 2.60144 1.34627 -0.110499 -0.080855
2.16333 -0.850081 1.83725 0.877371 -1.19741 -2.44044
2.18601 -0.626751 1.85643 0.135315 -1.31143 2.14563
2.12686 -0.517221 2.01782 0.421696 -1.59354 2.34345
2.03143 -0.340789 2.05117 0.203565 -1.16653 1.9678
1.91411 -0.14683 2.17622 1.53948 -1.18247 -2.6277
1.84613 -0.025455 1.95663 1.78987 -0.955919 -2.35839
1.80212 0.006819 2.49648 1.53948 -1.18247 -2.6277
1.75478 -0.003904 2.95127 1.53948 -1.18247 -2.6277
1.57559 -0.015682 -3.0777 1.53948 -1.18247 -2.6277
1.39808 -0.08002 -2.61182 1.53948 -1.18247 -2.6277
1.2773 -0.172563 -2.46683 1.53948 -1.18247 -2.6277
1.15726 -0.248749 -2.55766 0.877371 -1.19741 -2.44044
1.03457 -0.329952 -2.64664 0.135315 -1.31143 2.14563
0.866635 -0.447626 -2.68228 1.34627 -0.110499 -0.080855
0.626708 -0.592663 -2.69734 0.203565 -1.16653 1.9678
0.411702 -0.692163 -2.79006 0.203565 -1.16653 1.9678
0.165019 -0.797636 -2.78872 0.203565 -1.16653 1.9678
-0.045422 -0.888395 -2.80955 1.78987 -0.955919 -2.35839
-0.131971 -0.918904 2.7665 0.265217 -1.4633 2.21857
-0.135117 -0.914471 1.67679 0.076802 -0.991932 0.609432
