4 -0.019779 -0.725043 0.568279
4 -0.019779 -0.725043 0.568279
4 -0.019779 -0.725043 0.568279
4 -0.019779 -0.725043 0.568279
4 -0.019779 -0.725043 0.568279
4 -0.019779 -0.725043 0.568279
4 -0.019779 -0.725043 0.568279
4 -0.019779 -0.725043 0.568279
4 -0.019779 -0.725043 0.568279
4 -0.019779 -0.725043 0.568279
4 -0.019779 -0.725043 0.568279
4 -0.019779 -0.725043 0.568279
4 -0.019779 -0.725043 0.568279
4 -0.019779 -0.725043 0.568279
4 -0.019779 -0.725043 0.568279
4 -0.019779 -0.725043 0.568279
4 -0.019779 -0.725043 0.568279
5 -0.019779 -0.725043 0.568279
5 -0.019779 -0.725043 0.568279
5 -0.019779 -0.725043 0.568279
5 -0.019779 -0.725043 0.568279
5 -0.019779 -0.725043 0.568279
5 -0.019779 -0.725043 0.568279
5 -0.019779 -0.725043 0.568279
5 -0.019779 -0.725043 0.568279
5 -0.019779 -0.725043 0.568279
5 -0.019779 -0.725043 0.568279
5 -0.019779 -0.725043 0.568279
5 -0.019779 -0.725043 0.568279
5 -0.019779 -0.725043 0.568279
5 -0.019779 -0.725043 0.568279
5 -0.019779 -0.725043 0.568279
5 -0.019779 -0.725043 0.568279
5 -0.019779 -0.725043 0.568279
5 -0.019779 -0.725043 0.568279
5 -0.019779 -0.725043 0.568279
5 -0.019779 -0.725043 0.568279
5 -0.019779 -0.725043 0.568279
6 -0.019779 -0.725043 0.568279
6 -0.019779 -0.725043 0.568279
6 -0.019779 -0.725043 0.568279
6 -0.019779 -0.725043 0.568279
6 -0.019779 -0.725043 0.568279
6 -0.019779 -0.725043 0.568279
6 -0.019779 -0.725043 0.568279
6 -0.019779 -0.725043 0.568279
6 -0.019779 -0.725043 0.568279
6 -0.019779 -0.725043 0.568279
6 -0.019779 -0.725043 0.568279
6 -0.019779 -0.725043 0.568279
6 -0.019779 -0.725043 0.568279
6 -0.019779 -0.725043 0.568279
6 -0.019779 -0.725043 0.568279
6 -0.019779 -0.725043 0.568279
6 -0.019779 -0.725043 0.568279
6 -0.019779 -0.725043 0.568279
6 -0.019779 -0.725043 0.568279
7 -0.019779 -0.725043 0.568279
7 -0.019779 -0.725043 0.568279
7 -0.019779 -0.725043 0.568279
7 -0.019779 -0.725043 0.568279
7 -0.019779 -0.725043 0.568279
7 -0.019779 -0.725043 0.568279
7 -0.019779 -0.725043 0.568279
7 -0.019779 -0.725043 0.568279
7 -0.019779 -0.725043 0.568279
7 -0.019779 -0.725043 0.568279
7 -0.019779 -0.725043 0.568279
7 -0.019779 -0.725043 0.568279
7 -0.019779 -0.725043 0.568279
7 -0.019779 -0.725043 0.568279
7 -0.019779 -0.725043 0.568279
7 -0.019779 -0.725043 0.568279
7 -0.019779 -0.725043 0.568279
7 -0.019779 -0.725043 0.568279
7 -0.019779 -0.725043 0.568279
8 -0.019779 -0.725043 0.568279
8 -0.019743 -0.725020 0.568105
8 -0.019887 -0.725112 0.567930
8 -0.019743 -0.725020 0.567407
8 -0.019707 -0.724997 0.567232
8 -0.018844 -0.724447 0.566185
8 -0.017872 -0.723829 0.566359
8 -0.017297 -0.723463 0.566359
8 -0.016721 -0.723097 0.565836
8 -0.015497 -0.722320 0.567057
8 -0.012943 -0.720693 0.567756
8 -0.010714 -0.719271 0.566534
8 -0.008735 -0.718013 0.566534
8 -0.007367 -0.717143 0.565312
8 -0.005675 -0.716069 0.561298
8 -0.005061 -0.715683 0.558854
8 -0.003145 -0.714485 0.550651
8 -0.000419 -0.712811 0.549255
8 0.002964 -0.710741 0.549779
8 0.006382 -0.708646 0.549779
9 0.010382 -0.706195 0.549604
9 0.014564 -0.703633 0.550302
9 0.018780 -0.701046 0.550302
9 0.023215 -0.698326 0.550302
9 0.024669 -0.697434 0.550477
9 0.028885 -0.694846 0.550302
9 0.032847 -0.692415 0.551350
9 0.036189 -0.690360 0.551699
9 0.038695 -0.688817 0.547684
9 0.040843 -0.687507 0.538434
9 0.041356 -0.687201 0.534420
9 0.042861 -0.686310 0.524297
9 0.044116 -0.685585 0.511556
9 0.044897 -0.685146 0.501433
9 0.045159 -0.685003 0.497070
9 0.045384 -0.684881 0.482060
9 0.045308 -0.684920 0.466701
9 0.045422 -0.684863 0.444186
9 0.045692 -0.684734 0.426908
10 0.046235 -0.684487 0.408233
10 0.047018 -0.684149 0.390430
10 0.048201 -0.683662 0.374897
10 0.048717 -0.683459 0.368963
10 0.050587 -0.682736 0.356222
10 0.051346 -0.682453 0.351509
10 0.054153 -0.681439 0.331787
10 0.056815 -0.680522 0.322013
10 0.059201 -0.679726 0.309098
10 0.061111 -0.679116 0.298975
10 0.062782 -0.678601 0.283616
10 0.063232 -0.678470 0.279951
10 0.064708 -0.678045 0.268257
10 0.066311 -0.677605 0.254993
10 0.066848 -0.677465 0.250629
10 0.068996 -0.676915 0.234921
10 0.071650 -0.676279 0.221657
10 0.074604 -0.675614 0.206298
10 0.078611 -0.674775 0.197746
11 0.082166 -0.674063 0.188670
11 0.086899 -0.673159 0.183434
11 0.088409 -0.672879 0.182387
11 0.092561 -0.672113 0.179420
11 0.096673 -0.671368 0.178024
11 0.099905 -0.670786 0.171915
11 0.102552 -0.670326 0.160396
11 0.104951 -0.669938 0.149226
11 0.105710 -0.669824 0.143466
11 0.107483 -0.669568 0.127933
11 0.109090 -0.669361 0.111177
11 0.109387 -0.669328 0.106640
11 0.110320 -0.669228 0.089884
11 0.110702 -0.669194 0.069464
11 0.110872 -0.669182 0.063006
11 0.111851 -0.669120 0.042935
11 0.112874 -0.669076 0.016930
11 0.113386 -0.669068 0.011345
11 0.115347 -0.669045 -0.002094
11 0.117607 -0.669050 -0.020420
12 0.118460 -0.669068 -0.025831
12 0.121402 -0.669144 -0.040492
12 0.124768 -0.669280 -0.054803
12 0.125833 -0.669338 -0.058992
12 0.130090 -0.669590 -0.071733
12 0.134684 -0.669920 -0.078714
12 0.139785 -0.670322 -0.083601
12 0.144120 -0.670685 -0.085870
12 0.147519 -0.670978 -0.092328
12 0.148496 -0.671069 -0.095644
12 0.150873 -0.671297 -0.108210
12 0.151636 -0.671379 -0.113272
12 0.153797 -0.671625 -0.130900
12 0.155742 -0.671881 -0.147131
12 0.157177 -0.672094 -0.164585
12 0.157639 -0.672171 -0.169297
12 0.158354 -0.672293 -0.185354
12 0.159234 -0.672458 -0.209090
12 0.160277 -0.672679 -0.228638
12 0.161897 -0.673056 -0.249233
13 0.162558 -0.673225 -0.254469
13 0.164993 -0.673858 -0.268781
13 0.167337 -0.674503 -0.286234
13 0.170569 -0.675455 -0.300197
13 0.173950 -0.676501 -0.316079
13 0.177355 -0.677615 -0.327075
13 0.178243 -0.677916 -0.330216
13 0.181592 -0.679064 -0.335976
13 0.184491 -0.680076 -0.342434
13 0.187503 -0.681150 -0.359014
13 0.188542 -0.681540 -0.364250
13 0.192566 -0.683074 -0.379260
13 0.197003 -0.684843 -0.386765
13 0.201861 -0.686821 -0.391826
13 0.206985 -0.688938 -0.392175
13 0.211714 -0.690894 -0.393746
13 0.213407 -0.691598 -0.394793
13 0.217305 -0.693222 -0.395492
13 0.221791 -0.695095 -0.399855
14 0.224934 -0.696423 -0.405440
14 0.226227 -0.696978 -0.408931
14 0.228262 -0.697860 -0.423068
14 0.229078 -0.698227 -0.427780
14 0.231251 -0.699218 -0.441219
14 0.233333 -0.700202 -0.461814
14 0.235777 -0.701418 -0.477348
14 0.238580 -0.702868 -0.497593
14 0.239479 -0.703356 -0.502655
14 0.243216 -0.705411 -0.515570
14 0.244441 -0.706104 -0.520457
14 0.248844 -0.708628 -0.529009
14 0.250464 -0.709575 -0.531802
14 0.255095 -0.712300 -0.536165
14 0.256818 -0.713324 -0.536863
14 0.261619 -0.716181 -0.538434
14 0.266598 -0.719155 -0.542099
14 0.268132 -0.720079 -0.543146
14 0.272878 -0.722945 -0.546288
14 0.274555 -0.723964 -0.548208
14 0.279213 -0.726809 -0.552571
14 0.283606 -0.729517 -0.556935
15 0.284909 -0.730328 -0.557982
15 0.289938 -0.733467 -0.561821
15 0.291417 -0.734399 -0.564265
15 0.295814 -0.737181 -0.569850
15 0.300625 -0.740264 -0.573690
15 0.305389 -0.743342 -0.577180
15 0.307069 -0.744436 -0.577529
15 0.311749 -0.747486 -0.579449
15 0.315889 -0.750195 -0.581544
15 0.317065 -0.750968 -0.582591
15 0.320697 -0.753361 -0.587129
15 0.323715 -0.755369 -0.596554
15 0.324738 -0.756064 -0.600568
15 0.326814 -0.757486 -0.616450
15 0.329110 -0.759113 -0.630238
15 0.331040 -0.760521 -0.646470
15 0.333525 -0.762396 -0.660956
15 0.336083 -0.764386 -0.678584
15 0.337013 -0.765135 -0.682947
15 0.340619 -0.768069 -0.693070
16 0.344260 -0.771093 -0.702495
16 0.348557 -0.774730 -0.707207
16 0.352512 -0.778111 -0.710349
16 0.355842 -0.780975 -0.711047
16 0.358750 -0.783480 -0.716283
16 0.361034 -0.785468 -0.728151
16 0.363103 -0.787313 -0.739671
16 0.364899 -0.788951 -0.758171
16 0.365456 -0.789479 -0.763058
16 0.366596 -0.790570 -0.782606
16 0.367745 -0.791712 -0.802677
16 0.368427 -0.792418 -0.825192
16 0.369671 -0.793765 -0.845437
16 0.371368 -0.795680 -0.868650
16 0.373104 -0.797731 -0.887325
16 0.375285 -0.800409 -0.903033
16 0.377820 -0.803624 -0.920661
16 0.378775 -0.804880 -0.924326
16 0.382063 -0.809237 -0.935147
17 0.385431 -0.813801 -0.940383
17 0.388900 -0.818555 -0.943001
17 0.392231 -0.823146 -0.946143
17 0.395623 -0.827850 -0.952950
17 0.396636 -0.829275 -0.955917
17 0.400056 -0.834117 -0.961153
17 0.403254 -0.838698 -0.966389
17 0.404394 -0.840347 -0.967436
17 0.407709 -0.845158 -0.971799
17 0.411003 -0.849983 -0.976337
17 0.412149 -0.851679 -0.978257
17 0.413197 -0.853236 -0.980002
17 0.415288 -0.856352 -0.982271
17 0.418555 -0.861247 -0.985238
17 0.421713 -0.866010 -0.988554
17 0.424785 -0.870676 -0.995361
17 0.425829 -0.872286 -0.997281
17 0.428930 -0.877086 -0.999899
17 0.432041 -0.881931 -1.003041
17 0.433050 -0.883513 -1.003913
17 0.436165 -0.888405 -1.008800
18 0.439187 -0.893205 -1.011593
18 0.442060 -0.897796 -1.013862
18 0.445171 -0.902792 -1.017701
18 0.448039 -0.907436 -1.020669
18 0.449198 -0.909327 -1.021541
18 0.451959 -0.913837 -1.023636
18 0.455154 -0.919082 -1.026952
18 0.458066 -0.923899 -1.031141
18 0.459206 -0.925801 -1.032013
18 0.461985 -0.930450 -1.035155
18 0.464945 -0.935437 -1.035155
18 0.467884 -0.940388 -1.038645
18 0.470934 -0.945570 -1.041438
18 0.473928 -0.950686 -1.044754
18 0.474956 -0.952457 -1.046674
18 0.477773 -0.957330 -1.049816
18 0.480829 -0.962657 -1.052434
18 0.483661 -0.967620 -1.056099
19 0.486579 -0.972780 -1.060113
19 0.489601 -0.978175 -1.063604
19 0.492398 -0.983207 -1.066396
19 0.495407 -0.988658 -1.069189
19 0.498278 -0.993893 -1.073203
19 0.501209 -0.999290 -1.076345
19 0.502140 -1.001016 -1.077392
19 0.505149 -1.006613 -1.081930
19 0.507933 -1.011846 -1.084024
19 0.510846 -1.017349 -1.085769
19 0.513768 -1.022895 -1.088911
19 0.516615 -1.028337 -1.094845
19 0.519311 -1.033568 -1.100779
19 0.522150 -1.039157 -1.103921
19 0.524857 -1.044527 -1.106015
19 0.525793 -1.046395 -1.106713
19 0.528523 -1.051848 -1.109855
19 0.531198 -1.057234 -1.111251
19 0.533808 -1.062508 -1.113346
20 0.536369 -1.067712 -1.115789
20 0.538375 -1.071811 -1.116836
20 0.539048 -1.073190 -1.116836
20 0.540806 -1.076793 -1.113695
20 0.542387 -1.080008 -1.111949
20 0.543388 -1.082034 -1.106190
20 0.543694 -1.082644 -1.103048
20 0.544578 -1.084395 -1.088387
20 0.544895 -1.084999 -1.082977
20 0.545894 -1.086883 -1.063953
20 0.547302 -1.089418 -1.045801
20 0.547815 -1.090304 -1.041612
20 0.549494 -1.093176 -1.030093
20 0.552251 -1.097738 -1.015956
20 0.554992 -1.102160 -1.007055
20 0.557453 -1.106053 -1.003041
20 0.560457 -1.110763 -0.999899
20 0.562946 -1.114639 -0.997630
20 0.565490 -1.118580 -0.996583
21 0.567506 -1.121695 -0.990823
21 0.569375 -1.124549 -0.984191
21 0.570862 -1.126787 -0.967436
21 0.571298 -1.127419 -0.962549
21 0.572395 -1.128994 -0.943525
21 0.573471 -1.130478 -0.928864
21 0.574339 -1.131640 -0.913854
21 0.575224 -1.132788 -0.895354
21 0.575678 -1.133354 -0.879995
21 0.575895 -1.133617 -0.871617
21 0.576279 -1.134074 -0.852070
21 0.576672 -1.134523 -0.830777
21 0.576759 -1.134617 -0.824494
21 0.577627 -1.135557 -0.803550
21 0.577923 -1.135864 -0.795870
21 0.579057 -1.137022 -0.772832
21 0.579546 -1.137498 -0.767945
21 0.580711 -1.138624 -0.752761
21 0.581583 -1.139440 -0.733562
21 0.582153 -1.139954 -0.716981
22 0.582314 -1.140094 -0.706335
22 0.582573 -1.140316 -0.683995
22 0.582937 -1.140612 -0.658862
22 0.583072 -1.140716 -0.651357
22 0.583411 -1.140975 -0.627097
22 0.583549 -1.141075 -0.619592
22 0.584625 -1.141843 -0.595855
22 0.584943 -1.142058 -0.589223
22 0.586326 -1.142982 -0.567756
22 0.588231 -1.144198 -0.542797
22 0.590313 -1.145453 -0.525519
22 0.593338 -1.147208 -0.509811
22 0.597135 -1.149331 -0.497244
22 0.600845 -1.151344 -0.488867
22 0.602615 -1.152286 -0.485725
22 0.607329 -1.154774 -0.478046
22 0.612479 -1.157443 -0.475777
22 0.617218 -1.159884 -0.475079
22 0.621844 -1.162264 -0.468970
22 0.626447 -1.164596 -0.462338
23 0.631180 -1.166955 -0.455880
23 0.632712 -1.167706 -0.454658
23 0.637616 -1.170103 -0.452040
23 0.642526 -1.172488 -0.448724
23 0.644255 -1.173320 -0.447502
23 0.649100 -1.175645 -0.443837
23 0.653991 -1.177971 -0.441568
23 0.659080 -1.180377 -0.438252
23 0.663830 -1.182603 -0.436158
23 0.668971 -1.184999 -0.433714
23 0.674040 -1.187347 -0.430398
23 0.675784 -1.188147 -0.429002
23 0.680477 -1.190294 -0.426209
23 0.685836 -1.192727 -0.424290
23 0.690927 -1.195027 -0.420624
23 0.695910 -1.197256 -0.419228
23 0.701363 -1.199686 -0.417832
23 0.706469 -1.201953 -0.415039
23 0.711777 -1.204291 -0.413818
24 0.717087 -1.206624 -0.412072
24 0.718806 -1.207375 -0.411898
24 0.724121 -1.209697 -0.408756
24 0.728935 -1.211782 -0.407185
24 0.733516 -1.213758 -0.406487
24 0.737472 -1.215461 -0.398633
24 0.741010 -1.216951 -0.389907
24 0.743850 -1.218118 -0.375071
24 0.746191 -1.219040 -0.362156
24 0.748185 -1.219795 -0.342085
24 0.748868 -1.220038 -0.335801
24 0.751082 -1.220811 -0.317650
24 0.754080 -1.221797 -0.297928
24 0.757342 -1.222798 -0.279253
24 0.761318 -1.223939 -0.261101
24 0.765603 -1.225084 -0.248186
24 0.767339 -1.225524 -0.244346
24 0.771891 -1.226658 -0.239459
25 0.776531 -1.227791 -0.234398
25 0.777609 -1.228049 -0.231082
25 0.782217 -1.229133 -0.220435
25 0.783424 -1.229403 -0.215374
25 0.788090 -1.230424 -0.199840
25 0.790055 -1.230822 -0.195826
25 0.795200 -1.231843 -0.189019
25 0.801064 -1.232964 -0.185179
25 0.806555 -1.233993 -0.181514
25 0.808443 -1.234340 -0.179769
25 0.813016 -1.235171 -0.176976
25 0.817508 -1.235974 -0.170344
25 0.821501 -1.236661 -0.160047
25 0.823227 -1.236939 -0.154985
25 0.827777 -1.237650 -0.140848
25 0.832971 -1.238387 -0.130725
25 0.838256 -1.239082 -0.123918
25 0.844308 -1.239835 -0.121126
25 0.850065 -1.240536 -0.117810
25 0.855020 -1.241123 -0.115366
25 0.856588 -1.241304 -0.114145
26 0.861799 -1.241902 -0.108036
26 0.866293 -1.242389 -0.098960
26 0.867736 -1.242532 -0.095993
26 0.872151 -1.242958 -0.080809
26 0.873638 -1.243078 -0.077667
26 0.878868 -1.243485 -0.066846
26 0.884230 -1.243844 -0.058992
26 0.890275 -1.244201 -0.055676
26 0.896151 -1.244528 -0.051836
26 0.903008 -1.244880 -0.048869
26 0.907651 -1.245107 -0.044331
26 0.908673 -1.245152 -0.041364
26 0.912892 -1.245327 -0.030369
26 0.915747 -1.245414 -0.015708
26 0.918349 -1.245455 -0.001222
26 0.920694 -1.245458 0.017628
26 0.922314 -1.245429 0.035430
26 0.923508 -1.245387 0.059690
26 0.923848 -1.245366 0.066323
27 0.925635 -1.245248 0.091804
27 0.927207 -1.245103 0.116937
27 0.929621 -1.244819 0.137881
27 0.932282 -1.244450 0.159698
27 0.934766 -1.244050 0.172439
27 0.937749 -1.243530 0.192335
27 0.940303 -1.243033 0.209963
27 0.942930 -1.242473 0.231954
27 0.943677 -1.242297 0.237539
27 0.945957 -1.241745 0.258832
27 0.948142 -1.241166 0.275587
27 0.950604 -1.240470 0.294612
27 0.953216 -1.239677 0.316777
27 0.956539 -1.238588 0.336499
27 0.957626 -1.238208 0.345401
27 0.961639 -1.236764 0.359887
27 0.966708 -1.234857 0.371755
27 0.972032 -1.232781 0.378736
28 0.973934 -1.232024 0.380482
28 0.979121 -1.229949 0.385543
28 0.984495 -1.227768 0.388859
28 0.989270 -1.225812 0.394968
28 0.993836 -1.223908 0.400728
28 0.997606 -1.222311 0.409629
28 0.998740 -1.221819 0.413294
28 1.002450 -1.220192 0.424813
28 1.005287 -1.218909 0.441743
28 1.008178 -1.217541 0.456229
28 1.009480 -1.216902 0.462687
28 1.012800 -1.215246 0.481187
28 1.014123 -1.214555 0.486074
28 1.018195 -1.212404 0.498990
28 1.023026 -1.209771 0.509985
28 1.027753 -1.207127 0.516617
28 1.034831 -1.203096 0.522552
28 1.039820 -1.200222 0.527438
28 1.044905 -1.197260 0.530929
29 1.049943 -1.194302 0.533896
29 1.054862 -1.191394 0.537387
29 1.059185 -1.188818 0.542274
29 1.060683 -1.187916 0.546812
29 1.063743 -1.186053 0.558156
29 1.067107 -1.183952 0.568628
29 1.067754 -1.183539 0.576133
29 1.071223 -1.181285 0.590270
29 1.072144 -1.180668 0.595157
29 1.075746 -1.178230 0.614356
29 1.077210 -1.177197 0.620290
29 1.081408 -1.174198 0.631809
29 1.086226 -1.170671 0.637918
29 1.090612 -1.167421 0.640710
29 1.094817 -1.164285 0.645597
29 1.096213 -1.163233 0.645423
29 1.099143 -1.161027 0.645423
29 1.100369 -1.160103 0.646295
29 1.102957 -1.158152 0.642281
29 1.103469 -1.157768 0.641234
29 1.106203 -1.155728 0.640710
30 1.106682 -1.155371 0.638965
30 1.109010 -1.153641 0.631984
30 1.111315 -1.151953 0.623781
30 1.112284 -1.151256 0.620814
30 1.115094 -1.149246 0.615054
30 1.118856 -1.146589 0.615229
30 1.120214 -1.145629 0.615054
30 1.124359 -1.142701 0.615403
30 1.129234 -1.139254 0.619941
30 1.130796 -1.138139 0.621686
30 1.135892 -1.134488 0.625701
30 1.140628 -1.131066 0.627097
30 1.145462 -1.127563 0.630762
30 1.150008 -1.124243 0.638267
30 1.154700 -1.120762 0.643852
30 1.156372 -1.119508 0.644550
30 1.161212 -1.115869 0.648215
30 1.166006 -1.112239 0.651357
30 1.167634 -1.110998 0.652404
30 1.172378 -1.107373 0.654498
30 1.177385 -1.103531 0.658513
31 1.178869 -1.102382 0.658862
31 1.183691 -1.098649 0.661829
31 1.188401 -1.094980 0.665145
31 1.193334 -1.091111 0.667763
31 1.198122 -1.087334 0.669334
31 1.199761 -1.086038 0.669508
31 1.204610 -1.082200 0.672475
31 1.209414 -1.078375 0.676315
31 1.214170 -1.074558 0.677362
31 1.219088 -1.070602 0.678759
31 1.224001 -1.066639 0.681551
31 1.228770 -1.062770 0.684518
31 1.233561 -1.058860 0.686613
31 1.238475 -1.054832 0.689580
31 1.240054 -1.053530 0.689929
31 1.245120 -1.049350 0.693594
31 1.249776 -1.045478 0.696735
31 1.254519 -1.041510 0.697608
32 1.259291 -1.037511 0.700924
32 1.264082 -1.033468 0.704415
32 1.265674 -1.032114 0.705811
32 1.270380 -1.028103 0.708604
32 1.275043 -1.024107 0.711222
32 1.276626 -1.022743 0.712967
32 1.281303 -1.018698 0.715934
32 1.282977 -1.017243 0.717505
32 1.287539 -1.013261 0.720472
32 1.289206 -1.011798 0.721519
32 1.293496 -1.008023 0.722915
32 1.298293 -1.003791 0.727628
32 1.302815 -0.999764 0.731642
32 1.307258 -0.995775 0.735307
32 1.308808 -0.994373 0.736354
32 1.313421 -0.990192 0.740020
32 1.318208 -0.985821 0.741416
32 1.319749 -0.984409 0.742114
32 1.324275 -0.980259 0.744732
32 1.328665 -0.976212 0.748746
32 1.333226 -0.971974 0.752586
32 1.337646 -0.967835 0.755204
33 1.342428 -0.963333 0.757124
33 1.343823 -0.962015 0.757298
33 1.348565 -0.957533 0.760091
33 1.352984 -0.953331 0.762185
33 1.357519 -0.949002 0.763058
33 1.359029 -0.947558 0.764105
33 1.363709 -0.943073 0.767247
33 1.365183 -0.941652 0.768119
33 1.369784 -0.937208 0.769167
33 1.374349 -0.932788 0.771436
33 1.375908 -0.931272 0.771785
33 1.380432 -0.926870 0.773879
33 1.381957 -0.925380 0.774752
33 1.386558 -0.920875 0.776672
33 1.391121 -0.916391 0.778417
33 1.395828 -0.911750 0.779115
33 1.397406 -0.910192 0.779813
33 1.402015 -0.905634 0.782257
33 1.406492 -0.901185 0.782780
33 1.411087 -0.896613 0.784002
34 1.415617 -0.892096 0.786445
34 1.420166 -0.887538 0.788889
34 1.421668 -0.886025 0.790111
34 1.426140 -0.881511 0.791507
34 1.427608 -0.880024 0.792205
34 1.433745 -0.873798 0.794823
34 1.438196 -0.869263 0.798139
34 1.442691 -0.864651 0.800583
34 1.446967 -0.860244 0.801979
34 1.451533 -0.855523 0.805819
34 1.455993 -0.850878 0.807389
34 1.460180 -0.846503 0.810182
34 1.461738 -0.844865 0.811055
34 1.465967 -0.840413 0.812800
34 1.470394 -0.835737 0.815767
34 1.474632 -0.831233 0.818385
34 1.476148 -0.829614 0.819781
34 1.478970 -0.826590 0.820654
34 1.483506 -0.821723 0.822050
35 1.487686 -0.817225 0.823272
35 1.491919 -0.812659 0.826413
35 1.496369 -0.807828 0.829904
35 1.497750 -0.806318 0.830602
35 1.502151 -0.801500 0.831824
35 1.506517 -0.796709 0.832348
35 1.510909 -0.791884 0.833918
35 1.514921 -0.787462 0.836187
35 1.518694 -0.783285 0.836711
35 1.521922 -0.779707 0.837060
35 1.522836 -0.778693 0.837584
35 1.525633 -0.775588 0.834616
35 1.527896 -0.773091 0.826762
35 1.528762 -0.772150 0.823272
35 1.530328 -0.770461 0.812276
35 1.532117 -0.768573 0.797092
35 1.534143 -0.766498 0.776148
35 1.534965 -0.765692 0.769865
35 1.536465 -0.764237 0.757996
35 1.540120 -0.760778 0.743510
36 1.544107 -0.757112 0.735482
36 1.548344 -0.753278 0.733213
36 1.552558 -0.749482 0.731991
36 1.554018 -0.748171 0.731817
36 1.558364 -0.744266 0.730769
36 1.562651 -0.740424 0.726057
36 1.566638 -0.736885 0.721519
36 1.570992 -0.733054 0.716109
36 1.575078 -0.729498 0.713491
36 1.578947 -0.726149 0.710698
36 1.582470 -0.723117 0.708953
36 1.585028 -0.720923 0.700924
36 1.586071 -0.720043 0.697608
36 1.588554 -0.717961 0.685391
36 1.591493 -0.715559 0.669508
36 1.594436 -0.713230 0.657466
36 1.598351 -0.710206 0.644201
36 1.602409 -0.707159 0.639663
36 1.603812 -0.706115 0.639663
37 1.608602 -0.702551 0.638616
37 1.613190 -0.699145 0.637569
37 1.617679 -0.695819 0.636522
37 1.619257 -0.694653 0.635998
37 1.623717 -0.691360 0.633729
37 1.628391 -0.687926 0.630238
37 1.632422 -0.684985 0.627620
37 1.636184 -0.682256 0.626399
37 1.639536 -0.679831 0.620115
37 1.642381 -0.677798 0.610516
37 1.644967 -0.675989 0.596554
37 1.648248 -0.673761 0.575261
37 1.649393 -0.673019 0.570374
37 1.653126 -0.670624 0.558854
37 1.657971 -0.667594 0.553095
37 1.662544 -0.664771 0.546637
37 1.667790 -0.661579 0.544019
37 1.672059 -0.658996 0.542797
38 1.673520 -0.658115 0.541401
38 1.677357 -0.655808 0.541401
38 1.680939 -0.653654 0.543670
38 1.681924 -0.653058 0.543496
38 1.684698 -0.651382 0.546288
38 1.687978 -0.649388 0.555015
38 1.693083 -0.646211 0.560949
38 1.697380 -0.643511 0.560949
38 1.702399 -0.640358 0.559203
38 1.707677 -0.637054 0.555713
38 1.709344 -0.636019 0.555015
38 1.714346 -0.632918 0.554317
38 1.719531 -0.629708 0.552571
38 1.721164 -0.628701 0.552048
38 1.726393 -0.625480 0.549779
38 1.731447 -0.622383 0.547859
38 1.736580 -0.619251 0.546986
38 1.741680 -0.616146 0.545066
38 1.746822 -0.613028 0.542274
39 1.748502 -0.612016 0.541401
39 1.753545 -0.608983 0.541227
39 1.758589 -0.605951 0.541576
39 1.765461 -0.601821 0.538609
39 1.766962 -0.600924 0.537910
39 1.772309 -0.597734 0.533722
39 1.773704 -0.596909 0.533722
39 1.778991 -0.593785 0.532674
39 1.783804 -0.590948 0.531802
39 1.789170 -0.587791 0.531453
39 1.790678 -0.586905 0.531104
39 1.796046 -0.583751 0.529009
39 1.801016 -0.580846 0.527264
39 1.806213 -0.577820 0.526740
39 1.807872 -0.576855 0.526566
39 1.812960 -0.573898 0.526217
39 1.818122 -0.570899 0.523773
39 1.822739 -0.568233 0.521504
39 1.827287 -0.565620 0.520981
39 1.830912 -0.563539 0.523250
40 1.833867 -0.561835 0.524995
40 1.837114 -0.559954 0.527962
40 1.840172 -0.558170 0.538609
40 1.841160 -0.557580 0.540528
40 1.845439 -0.555012 0.548732
40 1.846858 -0.554145 0.549953
40 1.849839 -0.552317 0.549779
40 1.855111 -0.549086 0.547859
40 1.860426 -0.545843 0.544368
40 1.865789 -0.542596 0.543321
40 1.871192 -0.539333 0.542274
40 1.876342 -0.536230 0.541052
40 1.881862 -0.532914 0.538783
40 1.883583 -0.531885 0.538434
40 1.888928 -0.528692 0.535991
40 1.894061 -0.525643 0.535118
40 1.899711 -0.522294 0.533373
40 1.904962 -0.519194 0.531453
40 1.909962 -0.516254 0.529882
41 1.911397 -0.515414 0.528311
41 1.917106 -0.512082 0.528311
41 1.922041 -0.509201 0.527264
41 1.923847 -0.508150 0.526740
41 1.929229 -0.505019 0.523948
41 1.934731 -0.501840 0.522203
41 1.936469 -0.500841 0.522552
41 1.941790 -0.497776 0.521853
41 1.947188 -0.494672 0.522203
41 1.948999 -0.493630 0.521853
41 1.954470 -0.490483 0.522377
41 1.956096 -0.489547 0.521155
41 1.960646 -0.486936 0.519410
41 1.965384 -0.484226 0.519934
41 1.966865 -0.483379 0.520283
41 1.971194 -0.480898 0.517490
41 1.975938 -0.478198 0.518363
41 1.977642 -0.477226 0.518014
41 1.982755 -0.474312 0.516094
41 1.988467 -0.471071 0.514872
41 1.990249 -0.470063 0.514698
41 1.995668 -0.466998 0.514523
42 1.997562 -0.465927 0.514523
42 2.002574 -0.463094 0.513999
42 2.007810 -0.460138 0.512778
42 2.009631 -0.459112 0.512603
42 2.015168 -0.455996 0.512080
42 2.016915 -0.455014 0.512080
42 2.021823 -0.452256 0.510509
42 2.023311 -0.451422 0.511032
42 2.027812 -0.448898 0.511556
42 2.031456 -0.446852 0.512778
42 2.034726 -0.445011 0.515919
42 2.035505 -0.444570 0.519235
42 2.037727 -0.443300 0.527613
42 2.039164 -0.442462 0.544194
42 2.039419 -0.442308 0.550651
42 2.040546 -0.441616 0.569152
42 2.040833 -0.441432 0.575261
42 2.041835 -0.440783 0.598822
42 2.042364 -0.440422 0.605629
42 2.043836 -0.439402 0.622559
42 2.045499 -0.438209 0.641409
42 2.047515 -0.436703 0.658338
43 2.049472 -0.435190 0.674744
43 2.052136 -0.433059 0.692547
43 2.054926 -0.430744 0.710349
43 2.055993 -0.429827 0.714887
43 2.059793 -0.426528 0.725184
43 2.063814 -0.422964 0.731467
43 2.068003 -0.419204 0.734609
43 2.072149 -0.415459 0.736180
43 2.076194 -0.411794 0.737751
43 2.080265 -0.408093 0.741241
43 2.084449 -0.404264 0.745256
43 2.088492 -0.400533 0.749095
43 2.089866 -0.399255 0.750317
43 2.093890 -0.395504 0.752586
43 2.098030 -0.391627 0.756077
43 2.102219 -0.387677 0.759916
43 2.106361 -0.383740 0.764280
43 2.110333 -0.379933 0.766898
44 2.114478 -0.375938 0.767945
44 2.115859 -0.374605 0.768468
44 2.119875 -0.370722 0.771959
44 2.123909 -0.366796 0.776322
44 2.125187 -0.365541 0.777544
44 2.129411 -0.361382 0.780686
44 2.133350 -0.357481 0.784525
44 2.137364 -0.353473 0.787318
44 2.141427 -0.349395 0.790983
44 2.145355 -0.345422 0.793950
44 2.146641 -0.344115 0.794299
44 2.150675 -0.340008 0.799186
44 2.154511 -0.336064 0.803026
44 2.155904 -0.334622 0.804422
44 2.159660 -0.330720 0.806866
44 2.160987 -0.329334 0.807913
44 2.164995 -0.325142 0.812974
44 2.168894 -0.321022 0.816116
44 2.172633 -0.317046 0.819781
44 2.174001 -0.315581 0.821177
44 2.177313 -0.312022 0.824144
45 2.178385 -0.310864 0.825890
45 2.181681 -0.307290 0.829031
45 2.184475 -0.304240 0.837234
45 2.185389 -0.303226 0.840376
45 2.187381 -0.301003 0.852593
45 2.190567 -0.297331 0.872839
45 2.191335 -0.296416 0.878424
45 2.194275 -0.292871 0.893783
45 2.197107 -0.289347 0.907397
45 2.200626 -0.284845 0.914902
45 2.204111 -0.280316 0.920312
45 2.207210 -0.276243 0.921010
45 2.210074 -0.272474 0.925548
45 2.211023 -0.271214 0.927642
45 2.214041 -0.267187 0.936195
45 2.217150 -0.262963 0.948412
45 2.220382 -0.258458 0.953997
45 2.223935 -0.253449 0.957488
46 2.227322 -0.248636 0.959233
46 2.230848 -0.243608 0.961153
46 2.234315 -0.238643 0.965516
46 2.237664 -0.233804 0.967611
46 2.238777 -0.232188 0.967436
46 2.241293 -0.228536 0.969356
46 2.243996 -0.224598 0.972847
46 2.244716 -0.223541 0.975115
46 2.246463 -0.220964 0.978606
46 2.247962 -0.218734 0.988205
46 2.249065 -0.217061 1.002517
46 2.249914 -0.215731 1.021541
46 2.250760 -0.214349 1.038122
46 2.251367 -0.213320 1.055401
46 2.251598 -0.212912 1.061160
46 2.252201 -0.211832 1.082279
46 2.252822 -0.210665 1.101128
46 2.253439 -0.209448 1.128530
46 2.254297 -0.207636 1.149125
47 2.255222 -0.205574 1.168323
47 2.256291 -0.203063 1.190140
47 2.257258 -0.200648 1.207593
47 2.258091 -0.198455 1.226443
47 2.258365 -0.197692 1.231853
47 2.259060 -0.195722 1.253495
47 2.259765 -0.193574 1.272520
47 2.260567 -0.190965 1.291369
47 2.261308 -0.188383 1.310044
47 2.262264 -0.184798 1.328719
47 2.263195 -0.181030 1.347569
47 2.264309 -0.176123 1.360484
47 2.265484 -0.170618 1.370782
47 2.267036 -0.162926 1.374621
47 2.268158 -0.157279 1.377239
47 2.269298 -0.151462 1.381952
47 2.270347 -0.145975 1.387188
48 2.271406 -0.140272 1.390504
48 2.272492 -0.134315 1.395391
48 2.273474 -0.128772 1.399929
48 2.274497 -0.122846 1.404466
48 2.274800 -0.121038 1.406037
48 2.275752 -0.115317 1.409702
48 2.276682 -0.109592 1.415113
48 2.277608 -0.103694 1.420523
48 2.278463 -0.098043 1.426283
48 2.279317 -0.092177 1.430821
48 2.280162 -0.086181 1.437628
48 2.280909 -0.080601 1.443038
48 2.281594 -0.075272 1.446005
48 2.281796 -0.073664 1.447402
48 2.282315 -0.069474 1.453161
48 2.282766 -0.065662 1.468520
48 2.283066 -0.062735 1.484926
49 2.283296 -0.060058 1.504823
49 2.283534 -0.055971 1.543918
49 2.283590 -0.053883 1.566084
49 2.283601 -0.051494 1.591217
49 2.283584 -0.050642 1.597849
49 2.283510 -0.047913 1.617920
49 2.283331 -0.044122 1.638864
49 2.283050 -0.039995 1.656143
49 2.282650 -0.035321 1.672374
49 2.282084 -0.029763 1.681101
49 2.281412 -0.023702 1.688955
49 2.280764 -0.018239 1.693144
49 2.280051 -0.012440 1.697507
49 2.279808 -0.010536 1.699602
49 2.279063 -0.004785 1.704489
49 2.278296 0.000921 1.710074
49 2.277520 0.006454 1.718451
49 2.276705 0.011938 1.726131
49 2.276401 0.013876 1.728400
50 2.275578 0.019056 1.733461
50 2.275322 0.020613 1.736079
50 2.274452 0.025829 1.741490
50 2.273713 0.030116 1.749518
50 2.273478 0.031417 1.752485
50 2.272885 0.034647 1.766622
50 2.272207 0.037990 1.794198
50 2.272027 0.038780 1.801005
50 2.271453 0.041230 1.820029
50 2.270791 0.043834 1.842544
50 2.269921 0.046956 1.863314
50 2.269564 0.048140 1.874309
50 2.268315 0.052128 1.892111
50 2.266483 0.057631 1.907819
50 2.264777 0.062501 1.913754
50 2.264060 0.064509 1.915848
50 2.261983 0.070288 1.922829
50 2.259880 0.076013 1.929112
50 2.257891 0.081325 1.932778
50 2.255837 0.086749 1.935396
51 2.253738 0.092247 1.941679
51 2.253027 0.094075 1.944122
51 2.250897 0.099515 1.948311
51 2.248711 0.105026 1.953372
51 2.246499 0.110525 1.958259
51 2.244227 0.116092 1.963495
51 2.241974 0.121529 1.967684
51 2.239634 0.127114 1.972571
51 2.237349 0.132492 1.977284
51 2.234938 0.138093 1.982519
51 2.232753 0.143096 1.988454
51 2.232027 0.144733 1.989152
51 2.230017 0.149253 1.996831
51 2.228466 0.152671 2.006256
51 2.227027 0.155764 2.022138
51 2.225390 0.159141 2.039592
51 2.223656 0.162565 2.058790
51 2.221396 0.166821 2.072928
52 2.218687 0.171756 2.083923
52 2.215840 0.176809 2.091777
52 2.214927 0.178399 2.092999
52 2.211736 0.183944 2.099282
52 2.208833 0.188915 2.105042
52 2.205772 0.194091 2.109230
52 2.202644 0.199326 2.113768
52 2.199692 0.204219 2.119353
52 2.196423 0.209568 2.123717
52 2.193444 0.214395 2.127207
52 2.190313 0.219428 2.132967
52 2.189290 0.221052 2.135410
52 2.186004 0.226240 2.142741
52 2.182865 0.231117 2.149024
52 2.179509 0.236260 2.154783
52 2.176170 0.241312 2.159845
52 2.172687 0.246524 2.164383
52 2.169372 0.251438 2.168048
53 2.166158 0.256163 2.172237
53 2.162731 0.261156 2.179567
53 2.161561 0.262836 2.182360
53 2.158035 0.267864 2.187072
53 2.154485 0.272875 2.189341
53 2.150900 0.277913 2.193006
53 2.147345 0.282868 2.198068
53 2.143816 0.287737 2.202955
53 2.142632 0.289354 2.205224
53 2.138992 0.294300 2.208540
53 2.135310 0.299268 2.213252
53 2.134058 0.300941 2.214125
53 2.130451 0.305752 2.217092
53 2.129167 0.307454 2.217790
53 2.125362 0.312490 2.222502
53 2.124198 0.314016 2.223549
53 2.120339 0.319064 2.226342
53 2.116647 0.323865 2.228262
53 2.112895 0.328726 2.230705
53 2.111613 0.330376 2.232102
53 2.107659 0.335458 2.234196
54 2.103798 0.340398 2.237861
54 2.102479 0.342073 2.239083
54 2.098674 0.346893 2.242574
54 2.097320 0.348595 2.243446
54 2.093388 0.353532 2.247635
54 2.092052 0.355194 2.248682
54 2.088120 0.360077 2.250602
54 2.084153 0.364986 2.254616
54 2.080273 0.369746 2.259329
54 2.076290 0.374587 2.262470
54 2.072264 0.379448 2.264739
54 2.068664 0.383775 2.268928
54 2.067458 0.385213 2.270673
54 2.063941 0.389388 2.274513
54 2.060961 0.392900 2.282542
54 2.058009 0.396323 2.292665
54 2.055642 0.399012 2.307500
54 2.053378 0.401507 2.323382
54 2.051833 0.403157 2.345897
55 2.050639 0.404375 2.363525
55 2.049151 0.405842 2.387959
55 2.048716 0.406251 2.394941
55 2.047839 0.407062 2.416059
55 2.046786 0.407996 2.441541
55 2.046134 0.408545 2.464579
55 2.044937 0.409507 2.494599
55 2.043270 0.410766 2.519383
55 2.041191 0.412258 2.545737
55 2.040485 0.412736 2.551497
55 2.036977 0.415086 2.568601
55 2.034003 0.417005 2.588149
55 2.032769 0.417767 2.593559
55 2.028656 0.420278 2.611013
55 2.024242 0.422867 2.623055
55 2.019353 0.425657 2.634575
55 2.014096 0.428577 2.642428
55 2.009191 0.431251 2.648886
55 2.004043 0.434015 2.657613
56 2.002345 0.434908 2.659882
56 1.997205 0.437595 2.667212
56 1.992083 0.440225 2.673321
56 1.990295 0.441129 2.675764
56 1.984999 0.443792 2.681524
56 1.979611 0.446462 2.687807
56 1.974398 0.449004 2.693916
56 1.969362 0.451423 2.701421
56 1.963806 0.454039 2.710322
56 1.962102 0.454824 2.712591
56 1.956595 0.457343 2.716605
56 1.951116 0.459822 2.723237
56 1.945544 0.462299 2.728124
56 1.940116 0.464681 2.732138
56 1.934521 0.467109 2.737898
56 1.929502 0.469253 2.745403
56 1.924623 0.471294 2.751162
56 1.920482 0.472998 2.760762
57 1.916840 0.474456 2.773328
57 1.915925 0.474810 2.778041
57 1.913055 0.475901 2.799857
57 1.910604 0.476773 2.820103
57 1.908459 0.477487 2.843665
57 1.906951 0.477951 2.861991
57 1.905598 0.478339 2.887996
57 1.904360 0.478660 2.911558
57 1.903322 0.478903 2.935818
57 1.902278 0.479121 2.962696
57 1.902026 0.479166 2.971249
57 1.900808 0.479376 3.001443
57 1.899921 0.479501 3.026226
57 1.898650 0.479648 3.055373
57 1.897673 0.479733 3.078761
57 1.896609 0.479800 3.105290
57 1.896310 0.479811 3.118031
57 1.896012 0.479818 3.126408
57 1.895500 0.479825 -3.139847
57 1.894391 0.479823 -3.110526
58 1.894136 0.479816 -3.102846
58 1.893198 0.479779 -3.078237
58 1.892219 0.479717 -3.046472
58 1.891837 0.479681 -3.037920
58 1.891540 0.479650 -3.029717
58 1.890820 0.479569 -3.012787
58 1.889763 0.479432 -2.985735
58 1.888878 0.479293 -2.961475
58 1.887955 0.479125 -2.928837
58 1.887705 0.479071 -2.920110
58 1.886748 0.478855 -2.893930
58 1.885880 0.478636 -2.866354
58 1.885633 0.478566 -2.858500
58 1.884732 0.478304 -2.826735
58 1.883881 0.478027 -2.799159
58 1.883077 0.477740 -2.773154
58 1.882361 0.477464 -2.743483
58 1.881732 0.477199 -2.716605
58 1.880955 0.476848 -2.683967
58 1.880228 0.476490 -2.664420
58 1.879357 0.476039 -2.634575
59 1.879059 0.475874 -2.625673
59 1.878317 0.475453 -2.595130
59 1.877479 0.474943 -2.568252
59 1.877157 0.474735 -2.560049
59 1.875874 0.473892 -2.531426
59 1.874860 0.473183 -2.505595
59 1.873179 0.471942 -2.477320
59 1.870929 0.470180 -2.453933
59 1.868721 0.468367 -2.431069
59 1.867913 0.467671 -2.424786
59 1.864987 0.465122 -2.407682
59 1.861694 0.462151 -2.388658
59 1.858240 0.458914 -2.373997
59 1.857104 0.457818 -2.370681
59 1.852761 0.453599 -2.359511
59 1.848172 0.449021 -2.349737
59 1.844846 0.445652 -2.343279
59 1.842108 0.442842 -2.342755
59 1.839937 0.440611 -2.344152
60 1.839400 0.440062 -2.343803
60 1.838060 0.438688 -2.344501
60 1.837136 0.437743 -2.357067
60 1.836563 0.437170 -2.368412
60 1.835861 0.436485 -2.382723
60 1.835366 0.436016 -2.397384
60 1.834833 0.435525 -2.414139
60 1.833941 0.434730 -2.428277
60 1.832812 0.433754 -2.443985
60 1.832387 0.433398 -2.448348
60 1.830780 0.432062 -2.458994
60 1.828728 0.430394 -2.472782
60 1.826486 0.428623 -2.482905
60 1.823249 0.426117 -2.489538
60 1.820029 0.423658 -2.495123
60 1.816114 0.420704 -2.500010
60 1.814918 0.419811 -2.500359
60 1.810646 0.416622 -2.500533
60 1.809279 0.415602 -2.500359
61 1.805247 0.412592 -2.500533
61 1.803777 0.411495 -2.500533
61 1.799915 0.408613 -2.500882
61 1.798445 0.407517 -2.501057
61 1.795025 0.404968 -2.501231
61 1.791640 0.402446 -2.502279
61 1.790784 0.401810 -2.503326
61 1.788421 0.400056 -2.508213
61 1.785430 0.397860 -2.520605
61 1.784355 0.397091 -2.523921
61 1.780496 0.394350 -2.532473
61 1.776124 0.391300 -2.535091
61 1.772165 0.388553 -2.534916
61 1.768416 0.385951 -2.535789
61 1.765015 0.383596 -2.537883
61 1.763822 0.382773 -2.538756
61 1.759782 0.379992 -2.543643
61 1.755587 0.377135 -2.547657
61 1.754068 0.376109 -2.548181
61 1.749754 0.373200 -2.548355
61 1.748234 0.372174 -2.547657
62 1.744028 0.369334 -2.548530
62 1.742578 0.368357 -2.548530
62 1.738264 0.365449 -2.548355
62 1.733809 0.362445 -2.548704
62 1.729989 0.359872 -2.548704
62 1.726452 0.357489 -2.548355
62 1.725639 0.356940 -2.548181
62 1.722634 0.354913 -2.549228
62 1.720617 0.353556 -2.547832
62 1.720016 0.353151 -2.548704
62 1.718708 0.352269 -2.549926
62 1.717504 0.351460 -2.551322
62 1.717008 0.351128 -2.555162
62 1.716582 0.350845 -2.556558
62 1.716404 0.350727 -2.561794
62 1.716404 0.350727 -2.563714
62 1.716333 0.350680 -2.569997
62 1.716081 0.350519 -2.583436
62 1.715828 0.350361 -2.598446
62 1.715427 0.350118 -2.619390
63 1.715205 0.349991 -2.637716
63 1.714421 0.349558 -2.661278
63 1.713437 0.349046 -2.685015
63 1.712021 0.348350 -2.702642
63 1.710361 0.347571 -2.719223
63 1.709817 0.347326 -2.724284
63 1.707711 0.346393 -2.738422
63 1.704691 0.345105 -2.751861
63 1.700746 0.343484 -2.767220
63 1.696737 0.341909 -2.772630
63 1.691606 0.339925 -2.775423
63 1.686589 0.338001 -2.776295
63 1.681769 0.336158 -2.776295
63 1.676671 0.334208 -2.777692
63 1.674997 0.333570 -2.777342
63 1.670135 0.331717 -2.779786
63 1.665150 0.329830 -2.779960
63 1.660004 0.327884 -2.784149
64 1.654970 0.326004 -2.785371
64 1.649774 0.324070 -2.786418
64 1.648095 0.323447 -2.786418
64 1.643017 0.321564 -2.788687
64 1.637935 0.319692 -2.790432
64 1.636173 0.319046 -2.791480
64 1.631125 0.317203 -2.792876
64 1.625715 0.315236 -2.794272
64 1.624031 0.314626 -2.794098
64 1.618778 0.312724 -2.796367
64 1.613681 0.310891 -2.797763
64 1.611834 0.310230 -2.798635
64 1.606453 0.308308 -2.799683
64 1.600828 0.306306 -2.800032
64 1.599020 0.305664 -2.799683
64 1.593877 0.303833 -2.801428
64 1.588691 0.301998 -2.802999
64 1.583220 0.300071 -2.807537
64 1.578224 0.298338 -2.809980
64 1.572741 0.296449 -2.810329
65 1.567377 0.294605 -2.811376
65 1.562375 0.292890 -2.812424
65 1.556805 0.290987 -2.812598
65 1.555272 0.290464 -2.813122
65 1.549701 0.288565 -2.814169
65 1.544734 0.286878 -2.815565
65 1.542876 0.286250 -2.815740
65 1.537907 0.284571 -2.816961
65 1.532410 0.282721 -2.817310
65 1.527236 0.280982 -2.818881
65 1.521897 0.279196 -2.818707
65 1.516397 0.277356 -2.821674
65 1.514615 0.276766 -2.821325
65 1.509434 0.275048 -2.822023
65 1.502552 0.272767 -2.822896
65 1.500730 0.272166 -2.823419
65 1.495464 0.270432 -2.822721
65 1.489957 0.268613 -2.823943
65 1.484447 0.266802 -2.824815
66 1.479260 0.265101 -2.824641
66 1.473546 0.263227 -2.826037
66 1.468236 0.261494 -2.826561
66 1.466208 0.260833 -2.826910
66 1.460977 0.259130 -2.826561
66 1.455179 0.257241 -2.827084
66 1.453476 0.256687 -2.826910
66 1.447677 0.254799 -2.830051
66 1.442359 0.253087 -2.830924
66 1.436552 0.251222 -2.831448
66 1.430908 0.249413 -2.834240
66 1.419565 0.245819 -2.835986
66 1.417816 0.245267 -2.836160
66 1.411838 0.243382 -2.838080
66 1.406710 0.241776 -2.838953
66 1.402069 0.240327 -2.838953
66 1.397958 0.239043 -2.837905
67 1.394946 0.238099 -2.834240
67 1.391250 0.236917 -2.821150
67 1.389429 0.236312 -2.805617
67 1.388905 0.236130 -2.800730
67 1.388383 0.235944 -2.786418
67 1.387623 0.235662 -2.766347
67 1.387583 0.235647 -2.759715
67 1.387069 0.235440 -2.741389
67 1.386715 0.235291 -2.719572
67 1.386171 0.235046 -2.697755
67 1.385439 0.234698 -2.674193
67 1.385058 0.234506 -2.657787
67 1.384567 0.234248 -2.635622
67 1.384418 0.234166 -2.628291
67 1.384047 0.233956 -2.606998
67 1.383606 0.233695 -2.583785
67 1.383136 0.233402 -2.562143
67 1.382743 0.233145 -2.539280
67 1.382638 0.233073 -2.533345
67 1.382253 0.232805 -2.513449
68 1.382150 0.232729 -2.501755
68 1.381602 0.232322 -2.478891
68 1.380863 0.231745 -2.458122
68 1.380532 0.231475 -2.451839
68 1.379315 0.230471 -2.431069
68 1.378797 0.230026 -2.424437
68 1.376429 0.227941 -2.402271
68 1.374538 0.226217 -2.387785
68 1.372269 0.224086 -2.372601
68 1.369480 0.221387 -2.358289
68 1.368513 0.220424 -2.352878
68 1.365177 0.217066 -2.344675
68 1.361391 0.213192 -2.338741
68 1.357570 0.209235 -2.337694
68 1.352539 0.204015 -2.336996
68 1.348695 0.200020 -2.335425
68 1.344945 0.196112 -2.330887
68 1.341449 0.192433 -2.328095
69 1.337406 0.188157 -2.325302
69 1.333843 0.184366 -2.323033
69 1.330054 0.180318 -2.320415
69 1.328921 0.179100 -2.318495
69 1.324978 0.174848 -2.316226
69 1.323849 0.173626 -2.315703
69 1.320062 0.169519 -2.313608
69 1.318735 0.168074 -2.313085
69 1.315910 0.164994 -2.309420
69 1.312723 0.161494 -2.307674
69 1.310488 0.159030 -2.308896
69 1.308709 0.157074 -2.311165
69 1.307299 0.155532 -2.313608
69 1.306376 0.154527 -2.325826
69 1.306026 0.154154 -2.330364
69 1.305526 0.153628 -2.341010
69 1.304606 0.152679 -2.354798
69 1.303371 0.151441 -2.369110
69 1.302119 0.150221 -2.386040
69 1.300163 0.148379 -2.397210
70 1.297623 0.146038 -2.409776
70 1.294831 0.143531 -2.417805
70 1.291507 0.140593 -2.423041
70 1.290320 0.139555 -2.423739
70 1.287011 0.136665 -2.420772
70 1.282974 0.133119 -2.419550
70 1.279166 0.129765 -2.419201
70 1.275358 0.126409 -2.419201
70 1.274015 0.125225 -2.418677
70 1.270113 0.121783 -2.420074
70 1.268800 0.120628 -2.420248
70 1.264797 0.117108 -2.418852
70 1.260863 0.113638 -2.419201
70 1.259520 0.112454 -2.419375
70 1.255808 0.109184 -2.420946
70 1.254526 0.108058 -2.420946
70 1.250617 0.104625 -2.421470
70 1.249302 0.103472 -2.421993
70 1.245261 0.099930 -2.421295
70 1.241254 0.096414 -2.423041
71 1.237274 0.092933 -2.422866
71 1.235894 0.091726 -2.423390
71 1.231880 0.088218 -2.422866
71 1.227835 0.084680 -2.425484
71 1.222335 0.079892 -2.425484
71 1.220984 0.078716 -2.425659
71 1.216929 0.075189 -2.425833
71 1.215546 0.073986 -2.426531
71 1.211553 0.070519 -2.427404
71 1.207299 0.066832 -2.428451
71 1.203268 0.063344 -2.427928
71 1.199141 0.059771 -2.429673
71 1.197849 0.058657 -2.429324
71 1.193524 0.054922 -2.430022
71 1.189519 0.051469 -2.430022
71 1.185385 0.047904 -2.431069
71 1.181150 0.044260 -2.430720
71 1.177369 0.041004 -2.430371
71 1.172976 0.037218 -2.431069
72 1.169161 0.033936 -2.431069
72 1.164959 0.030320 -2.431418
72 1.163730 0.029264 -2.430720
72 1.159270 0.025424 -2.430546
72 1.155393 0.022084 -2.429673
72 1.153875 0.020774 -2.429498
72 1.150001 0.017431 -2.429673
72 1.145578 0.013614 -2.430196
72 1.141669 0.010245 -2.429324
72 1.137312 0.006482 -2.429673
72 1.133114 0.002860 -2.429324
72 1.129047 -0.000652 -2.429673
72 1.127691 -0.001822 -2.429498
72 1.123527 -0.005416 -2.429673
72 1.119362 -0.009010 -2.428451
72 1.115265 -0.012554 -2.428800
72 1.110749 -0.016458 -2.429324
72 1.106714 -0.019942 -2.428800
72 1.105133 -0.021308 -2.429149
73 1.100970 -0.024905 -2.428626
73 1.096324 -0.028921 -2.427753
73 1.094906 -0.030150 -2.427753
73 1.090683 -0.033808 -2.428451
73 1.086619 -0.037323 -2.429324
73 1.085135 -0.038605 -2.429673
73 1.080647 -0.042478 -2.430196
73 1.076189 -0.046320 -2.430196
73 1.074638 -0.047656 -2.430371
73 1.068824 -0.052668 -2.430371
73 1.064624 -0.056287 -2.430196
73 1.059811 -0.060436 -2.431593
73 1.058485 -0.061576 -2.431244
73 1.053894 -0.065525 -2.431767
73 1.049657 -0.069165 -2.432291
73 1.048039 -0.070554 -2.433164
73 1.043764 -0.074217 -2.433338
73 1.038938 -0.078350 -2.433338
73 1.037578 -0.079515 -2.433164
73 1.032979 -0.083456 -2.434385
73 1.028700 -0.087113 -2.434211
73 1.027014 -0.088554 -2.433862
74 1.022737 -0.092214 -2.434385
74 1.021148 -0.093571 -2.434909
74 1.016770 -0.097310 -2.435432
74 1.015277 -0.098583 -2.435258
74 1.010735 -0.102458 -2.435258
74 1.009405 -0.103593 -2.435258
74 1.004571 -0.107717 -2.435607
74 1.000287 -0.111369 -2.435782
74 0.995971 -0.115048 -2.435956
74 0.994542 -0.116265 -2.435782
74 0.989868 -0.120248 -2.435607
74 0.985358 -0.124094 -2.434909
74 0.981238 -0.127611 -2.435258
74 0.979649 -0.128967 -2.435258
74 0.975237 -0.132732 -2.435258
74 0.970532 -0.136745 -2.434560
74 0.966220 -0.140430 -2.435083
74 0.961614 -0.144361 -2.435258
74 0.956975 -0.148319 -2.434734
74 0.955613 -0.149482 -2.434909
74 0.951137 -0.153304 -2.435083
75 0.946758 -0.157041 -2.435782
75 0.941792 -0.161273 -2.435956
75 0.935688 -0.166472 -2.436654
75 0.934129 -0.167799 -2.436654
75 0.929517 -0.171723 -2.436305
75 0.924841 -0.175704 -2.435956
75 0.920101 -0.179741 -2.437178
75 0.915454 -0.183691 -2.438225
75 0.913861 -0.185042 -2.438225
75 0.909242 -0.188959 -2.438399
75 0.904590 -0.192903 -2.438749
75 0.903028 -0.194226 -2.438749
75 0.898180 -0.198333 -2.439272
75 0.893362 -0.202410 -2.440145
75 0.888671 -0.206373 -2.439796
75 0.883786 -0.210503 -2.440668
75 0.879125 -0.214436 -2.441541
76 0.874428 -0.218392 -2.442239
76 0.872764 -0.219793 -2.442414
76 0.871197 -0.221110 -2.442414
76 0.868129 -0.223690 -2.443112
76 0.863263 -0.227776 -2.443810
76 0.858426 -0.231831 -2.442937
76 0.853822 -0.235699 -2.443985
76 0.849083 -0.239671 -2.444683
76 0.844341 -0.243640 -2.443985
76 0.839700 -0.247530 -2.444334
76 0.834993 -0.251474 -2.444857
76 0.833423 -0.252787 -2.444857
76 0.828647 -0.256783 -2.445032
76 0.823970 -0.260695 -2.444159
76 0.819361 -0.264557 -2.444683
76 0.814717 -0.268444 -2.444334
76 0.810009 -0.272388 -2.443810
76 0.805369 -0.276278 -2.444683
76 0.800594 -0.280275 -2.444159
76 0.795658 -0.284411 -2.444683
77 0.794285 -0.285560 -2.444857
77 0.789575 -0.289501 -2.444159
77 0.785097 -0.293253 -2.445206
77 0.780189 -0.297357 -2.444334
77 0.775253 -0.301492 -2.444508
77 0.770577 -0.305407 -2.445555
77 0.765635 -0.309536 -2.445730
77 0.760726 -0.313636 -2.445555
77 0.756308 -0.317328 -2.445904
77 0.755064 -0.318366 -2.445730
77 0.750612 -0.322084 -2.447301
77 0.747204 -0.324922 -2.450966
77 0.745988 -0.325927 -2.452886
77 0.742827 -0.328529 -2.460216
77 0.740177 -0.330678 -2.469117
77 0.738342 -0.332139 -2.486571
77 0.736414 -0.333620 -2.504897
77 0.734734 -0.334863 -2.523397
77 0.732684 -0.336321 -2.546959
78 0.732048 -0.336751 -2.552195
78 0.729921 -0.338173 -2.571917
78 0.727120 -0.339967 -2.590069
78 0.723778 -0.342023 -2.610489
78 0.719549 -0.344507 -2.624452
78 0.714619 -0.347311 -2.632480
78 0.709480 -0.350180 -2.635098
78 0.704259 -0.353076 -2.636145
78 0.702506 -0.354046 -2.637542
78 0.697576 -0.356765 -2.640334
78 0.692490 -0.359552 -2.644872
78 0.687541 -0.362235 -2.648712
78 0.681111 -0.365676 -2.656915
78 0.679262 -0.366649 -2.658660
78 0.674315 -0.369244 -2.661627
78 0.669019 -0.372000 -2.665816
78 0.667351 -0.372860 -2.666863
78 0.662420 -0.375394 -2.670703
78 0.657441 -0.377929 -2.672623
79 0.655806 -0.378757 -2.673670
79 0.650629 -0.381373 -2.677161
79 0.645444 -0.383971 -2.682571
79 0.640244 -0.386541 -2.687283
79 0.635148 -0.389030 -2.689378
79 0.630084 -0.391490 -2.691647
79 0.624900 -0.393994 -2.694788
79 0.619746 -0.396463 -2.698104
79 0.612579 -0.399861 -2.701595
79 0.607100 -0.402441 -2.705260
79 0.601805 -0.404910 -2.708402
79 0.596463 -0.407380 -2.712416
79 0.591112 -0.409829 -2.718001
79 0.585630 -0.412301 -2.722190
79 0.580216 -0.414715 -2.726204
79 0.574715 -0.417141 -2.729695
79 0.569165 -0.419566 -2.733709
80 0.567286 -0.420378 -2.734582
80 0.561686 -0.422792 -2.737898
80 0.556117 -0.425171 -2.741389
80 0.554271 -0.425952 -2.742261
80 0.548574 -0.428356 -2.745054
80 0.542949 -0.430711 -2.749592
80 0.537234 -0.433074 -2.754828
80 0.531468 -0.435422 -2.756922
80 0.525736 -0.437743 -2.758493
80 0.507025 -0.445162 -2.775423
80 0.501450 -0.447300 -2.777342
80 0.495632 -0.449518 -2.778739
80 0.490051 -0.451637 -2.780309
80 0.484904 -0.453582 -2.781531
80 0.479676 -0.455550 -2.782753
81 0.475643 -0.457063 -2.782229
81 0.474485 -0.457498 -2.781880
81 0.470853 -0.458864 -2.782404
81 0.463235 -0.461748 -2.768616
81 0.458867 -0.463458 -2.764427
81 0.453514 -0.465578 -2.765649
81 0.451571 -0.466345 -2.766172
81 0.446333 -0.468409 -2.767918
81 0.440537 -0.470682 -2.771932
81 0.438787 -0.471360 -2.772281
81 0.433100 -0.473561 -2.772281
81 0.427532 -0.475716 -2.773677
81 0.425622 -0.476453 -2.774375
81 0.419811 -0.478688 -2.775423
81 0.414077 -0.480887 -2.777517
81 0.408418 -0.483043 -2.779262
81 0.402436 -0.485311 -2.781706
81 0.400640 -0.485986 -2.782404
81 0.394771 -0.488190 -2.783626
82 0.392734 -0.488952 -2.784149
82 0.386901 -0.491131 -2.785895
82 0.384903 -0.491873 -2.786767
82 0.379144 -0.494007 -2.790083
82 0.377182 -0.494726 -2.790781
82 0.372016 -0.496617 -2.793923
82 0.366643 -0.498564 -2.795319
82 0.364878 -0.499201 -2.794970
82 0.360948 -0.500620 -2.793923
82 0.359344 -0.501202 -2.794796
82 0.356215 -0.502332 -2.791131
82 0.353572 -0.503299 -2.784324
82 0.351136 -0.504212 -2.770012
82 0.350699 -0.504382 -2.763554
82 0.349470 -0.504870 -2.744530
82 0.348998 -0.505068 -2.740167
82 0.348410 -0.505318 -2.723761
82 0.347669 -0.505647 -2.701595
82 0.347013 -0.505956 -2.682047
82 0.346478 -0.506220 -2.671226
82 0.345337 -0.506800 -2.649759
82 0.343232 -0.507928 -2.629862
83 0.341224 -0.509056 -2.613980
83 0.340524 -0.509464 -2.608744
83 0.337733 -0.511110 -2.593559
83 0.334529 -0.513065 -2.580295
83 0.330739 -0.515449 -2.568776
83 0.326402 -0.518246 -2.562841
83 0.322047 -0.521092 -2.559700
83 0.320693 -0.521982 -2.558827
83 0.315779 -0.525221 -2.556907
83 0.314392 -0.526139 -2.556209
83 0.309700 -0.529249 -2.553068
83 0.308068 -0.530338 -2.553068
83 0.303670 -0.533274 -2.550799
83 0.299066 -0.536362 -2.548704
83 0.294539 -0.539412 -2.545912
83 0.289985 -0.542499 -2.542072
83 0.285548 -0.545531 -2.539803
83 0.281084 -0.548597 -2.536662
83 0.279611 -0.549615 -2.536487
83 0.274946 -0.552842 -2.532822
84 0.270678 -0.555817 -2.531076
84 0.266030 -0.559069 -2.529506
84 0.261632 -0.562156 -2.526015
84 0.257245 -0.565259 -2.523222
84 0.251308 -0.569493 -2.520430
84 0.246903 -0.572645 -2.516765
84 0.245312 -0.573792 -2.515718
84 0.241165 -0.576790 -2.513274
84 0.239543 -0.577968 -2.511878
84 0.234994 -0.581284 -2.508911
84 0.233481 -0.582393 -2.507864
84 0.228876 -0.585777 -2.507689
84 0.224409 -0.589061 -2.505071
84 0.220088 -0.592255 -2.501406
84 0.215847 -0.595414 -2.495472
84 0.214314 -0.596569 -2.494250
84 0.209926 -0.599887 -2.492505
84 0.205272 -0.603418 -2.490061
84 0.203746 -0.604582 -2.489014
84 0.199409 -0.607897 -2.485349
85 0.194881 -0.611383 -2.483953
85 0.186081 -0.618198 -2.478542
85 0.175175 -0.626752 -2.470514
85 0.170866 -0.630172 -2.468070
85 0.169300 -0.631423 -2.468245
85 0.163300 -0.636211 -2.466674
85 0.158672 -0.639915 -2.464405
85 0.154251 -0.643469 -2.463707
85 0.149535 -0.647267 -2.462660
85 0.148008 -0.648499 -2.462660
85 0.144158 -0.651605 -2.460914
85 0.142700 -0.652786 -2.460565
85 0.139254 -0.655579 -2.461089
85 0.135906 -0.658289 -2.462660
85 0.134944 -0.659065 -2.464754
85 0.132916 -0.660695 -2.469466
85 0.131981 -0.661438 -2.471037
86 0.129308 -0.663558 -2.481684
86 0.128500 -0.664186 -2.486047
86 0.124815 -0.667019 -2.496519
86 0.120794 -0.670045 -2.498962
86 0.115946 -0.673674 -2.498090
86 0.114479 -0.674774 -2.495821
86 0.109472 -0.678547 -2.494250
86 0.104880 -0.682019 -2.493552
86 0.100222 -0.685546 -2.491283
86 0.098762 -0.686656 -2.490759
86 0.093877 -0.690377 -2.490410
86 0.089230 -0.693918 -2.486920
86 0.084663 -0.697424 -2.485174
86 0.079798 -0.701171 -2.484651
86 0.075239 -0.704687 -2.482033
86 0.070723 -0.708189 -2.479938
86 0.065979 -0.711884 -2.477669
86 0.061344 -0.715510 -2.474004
86 0.056689 -0.719180 -2.473132
87 0.052037 -0.722854 -2.472782
87 0.047185 -0.726688 -2.469990
87 0.042578 -0.730350 -2.467721
87 0.038213 -0.733836 -2.466150
87 0.033620 -0.737516 -2.464056
87 0.032457 -0.738451 -2.463707
87 0.028139 -0.741928 -2.462485
87 0.024488 -0.744875 -2.462311
87 0.023128 -0.745973 -2.461438
87 0.018917 -0.749380 -2.459693
87 0.014381 -0.753062 -2.456551
87 0.009659 -0.756920 -2.452013
87 0.004658 -0.761044 -2.449570
87 0.000159 -0.764773 -2.448871
87 -0.004107 -0.768313 -2.448697
87 -0.005321 -0.769321 -2.447999
87 -0.009092 -0.772456 -2.445032
87 -0.012331 -0.775165 -2.438050
87 -0.014835 -0.777289 -2.427753
88 -0.016995 -0.779160 -2.412045
88 -0.018679 -0.780667 -2.395813
88 -0.019212 -0.781159 -2.387087
88 -0.020268 -0.782152 -2.368586
88 -0.021337 -0.783194 -2.343977
88 -0.021605 -0.783469 -2.337869
88 -0.022286 -0.784175 -2.317972
88 -0.022344 -0.784237 -2.310292
88 -0.022947 -0.784899 -2.284112
88 -0.023282 -0.785286 -2.261947
88 -0.023989 -0.786140 -2.232102
88 -0.024172 -0.786376 -2.224597
88 -0.024743 -0.787121 -2.203653
88 -0.024844 -0.787258 -2.192308
88 -0.025316 -0.787917 -2.169095
88 -0.025700 -0.788481 -2.142915
88 -0.025838 -0.788696 -2.134363
88 -0.026340 -0.789489 -2.107834
88 -0.026492 -0.789746 -2.099806
88 -0.026815 -0.790298 -2.074324
88 -0.026939 -0.790522 -2.066644
89 -0.027263 -0.791122 -2.043082
89 -0.027574 -0.791730 -2.015855
89 -0.027922 -0.792461 -1.990373
89 -0.028044 -0.792734 -1.978854
89 -0.028264 -0.793243 -1.957387
89 -0.028521 -0.793875 -1.927891
89 -0.028775 -0.794554 -1.903805
89 -0.028831 -0.794715 -1.896300
89 -0.029049 -0.795362 -1.868026
89 -0.029249 -0.796014 -1.843766
89 -0.029421 -0.796630 -1.814793
89 -0.029658 -0.797582 -1.790184
89 -0.029816 -0.798289 -1.764528
89 -0.029931 -0.798875 -1.738872
89 -0.030059 -0.799632 -1.713215
89 -0.030144 -0.800223 -1.684592
89 -0.030163 -0.800393 -1.676563
89 -0.030226 -0.800986 -1.650034
89 -0.030277 -0.801624 -1.624203
90 -0.030313 -0.802305 -1.592264
90 -0.030326 -0.802902 -1.568527
90 -0.030325 -0.803371 -1.542697
90 -0.030312 -0.803840 -1.512502
90 -0.030272 -0.804521 -1.487719
90 -0.030205 -0.805329 -1.459793
90 -0.030177 -0.805583 -1.452114
90 -0.030111 -0.806134 -1.423141
90 -0.029979 -0.807020 -1.397834
90 -0.029950 -0.807188 -1.390155
90 -0.029827 -0.807859 -1.362928
90 -0.029783 -0.808067 -1.354375
90 -0.029664 -0.808609 -1.328370
90 -0.029531 -0.809147 -1.297303
90 -0.029462 -0.809394 -1.288577
90 -0.029296 -0.809967 -1.264317
90 -0.029244 -0.810130 -1.252274
90 -0.029084 -0.810616 -1.224872
90 -0.028809 -0.811378 -1.192758
90 -0.028652 -0.811774 -1.167451
91 -0.028568 -0.811970 -1.158375
91 -0.028414 -0.812322 -1.128181
91 -0.028159 -0.812861 -1.104270
91 -0.027948 -0.813280 -1.074250
91 -0.027622 -0.813880 -1.048943
91 -0.027282 -0.814472 -1.017527
91 -0.026969 -0.814980 -0.993092
91 -0.026922 -0.815051 -0.964643
91 -0.027044 -0.814876 -0.955219
91 -0.027241 -0.814598 -0.930086
91 -0.027572 -0.814153 -0.923628
91 -0.028215 -0.813303 -0.904255
91 -0.028558 -0.812867 -0.899019
91 -0.030070 -0.810964 -0.880868
91 -0.031672 -0.809023 -0.861495
91 -0.034033 -0.806273 -0.849626
91 -0.036933 -0.802974 -0.844565
91 -0.040161 -0.799339 -0.842645
91 -0.043510 -0.795583 -0.838456
91 -0.044594 -0.794378 -0.838107
92 -0.048245 -0.790320 -0.836187
92 -0.051732 -0.786459 -0.834442
92 -0.055370 -0.782446 -0.834616
92 -0.058634 -0.778843 -0.833046
92 -0.061646 -0.775530 -0.829031
92 -0.064066 -0.772889 -0.818908
92 -0.066484 -0.770303 -0.809135
92 -0.068338 -0.768359 -0.795870
92 -0.068935 -0.767750 -0.792729
92 -0.070521 -0.766140 -0.783478
92 -0.071639 -0.765026 -0.763407
92 -0.072656 -0.764053 -0.747350
92 -0.073094 -0.763647 -0.726406
92 -0.073572 -0.763222 -0.709302
92 -0.073799 -0.763028 -0.680853
92 -0.073898 -0.762947 -0.672650
92 -0.074031 -0.762841 -0.652230
92 -0.074370 -0.762582 -0.629715
92 -0.074405 -0.762557 -0.622035
93 -0.074821 -0.762259 -0.593063
93 -0.075563 -0.761759 -0.571595
93 -0.076496 -0.761159 -0.549255
93 -0.078242 -0.760090 -0.534594
93 -0.079856 -0.759134 -0.518537
93 -0.081931 -0.757950 -0.500211
93 -0.083877 -0.756887 -0.483282
93 -0.085576 -0.755995 -0.466876
93 -0.086033 -0.755765 -0.461116
93 -0.087408 -0.755082 -0.438601
93 -0.088334 -0.754647 -0.421846
93 -0.089151 -0.754280 -0.405615
93 -0.089504 -0.754129 -0.377864
93 -0.090138 -0.753877 -0.354825
93 -0.090658 -0.753684 -0.332485
93 -0.091182 -0.753504 -0.310494
93 -0.091629 -0.753360 -0.280998
93 -0.091793 -0.753313 -0.273319
94 -0.092121 -0.753221 -0.252200
94 -0.092410 -0.753146 -0.228289
94 -0.092826 -0.753050 -0.207869
94 -0.093285 -0.752953 -0.180816
94 -0.093704 -0.752876 -0.156382
94 -0.094126 -0.752810 -0.131947
94 -0.095142 -0.752693 -0.071209
94 -0.095738 -0.752651 -0.052883
94 -0.096291 -0.752621 -0.033685
94 -0.096547 -0.752613 -0.015359
94 -0.096718 -0.752610 0.000000
94 -0.097144 -0.752610 0.009250
94 -0.097400 -0.752613 0.019373
94 -0.097869 -0.752622 0.025133
94 -0.098082 -0.752627 0.036303
94 -0.098210 -0.752632 0.039444
95 -0.098466 -0.752642 0.050440
95 -0.098934 -0.752665 0.067893
95 -0.099275 -0.752688 0.089012
95 -0.099657 -0.752723 0.114145
95 -0.100208 -0.752786 0.136834
95 -0.100588 -0.752838 0.162839
95 -0.100756 -0.752866 0.170693
95 -0.101050 -0.752916 0.192510
95 -0.101511 -0.753006 0.214850
95 -0.101636 -0.753033 0.221133
95 -0.102094 -0.753136 0.239110
95 -0.102384 -0.753207 0.248360
95 -0.102797 -0.753312 0.258483
95 -0.103086 -0.753388 0.267908
95 -0.103373 -0.753467 0.273144
95 -0.103497 -0.753502 0.275064
95 -0.103497 -0.753502 0.276809
95 -0.103497 -0.753502 0.276460
95 -0.103497 -0.753502 0.276460
96 -0.103497 -0.753502 0.276809
96 -0.103497 -0.753502 0.276635
96 -0.103497 -0.753502 0.276635
96 -0.103497 -0.753502 0.276635
96 -0.103497 -0.753502 0.276460
96 -0.103497 -0.753502 0.276460
96 -0.103497 -0.753502 0.276460
96 -0.103497 -0.753502 0.276460
96 -0.103497 -0.753502 0.276460
96 -0.103497 -0.753502 0.276460
96 -0.103497 -0.753502 0.276460
96 -0.103497 -0.753502 0.276460
96 -0.103497 -0.753502 0.276460
96 -0.103497 -0.753502 0.276460
96 -0.103497 -0.753502 0.276460
96 -0.103497 -0.753502 0.276460
96 -0.103497 -0.753502 0.276460
96 -0.103497 -0.753502 0.276460
96 -0.103497 -0.753502 0.276460
97 -0.103497 -0.753502 0.276460
97 -0.103497 -0.753502 0.276460
97 -0.103497 -0.753502 0.276460
97 -0.103497 -0.753502 0.276460
97 -0.103497 -0.753502 0.276460
97 -0.103497 -0.753502 0.276460
97 -0.103497 -0.753502 0.276460
97 -0.103497 -0.753502 0.276460
97 -0.103497 -0.753502 0.276460
97 -0.103497 -0.753502 0.276460
97 -0.103497 -0.753502 0.276460
97 -0.103497 -0.753502 0.276460
97 -0.103497 -0.753502 0.276460
97 -0.103497 -0.753502 0.276460
97 -0.103497 -0.753502 0.276460
97 -0.103497 -0.753502 0.276460
97 -0.103497 -0.753502 0.276460
97 -0.103497 -0.753502 0.276460
97 -0.103497 -0.753502 0.276460
97 -0.103497 -0.753502 0.276460
98 -0.103497 -0.753502 0.276460
98 -0.103497 -0.753502 0.276460
98 -0.103497 -0.753502 0.276460
98 -0.103497 -0.753502 0.276460
98 -0.103497 -0.753502 0.276460
98 -0.103497 -0.753502 0.276460
98 -0.103497 -0.753502 0.276460
98 -0.103497 -0.753502 0.276460
98 -0.103497 -0.753502 0.276460
98 -0.103497 -0.753502 0.276460
98 -0.103497 -0.753502 0.276460
98 -0.103497 -0.753502 0.276460
98 -0.103497 -0.753502 0.276460
98 -0.103497 -0.753502 0.276460
98 -0.103497 -0.753502 0.276460
98 -0.103497 -0.753502 0.276460
98 -0.103497 -0.753502 0.276460
98 -0.103497 -0.753502 0.276460
98 -0.103497 -0.753502 0.276460
98 -0.103497 -0.753502 0.276460
98 -0.103497 -0.753502 0.276460
