11 0.204403 -1.218368 -0.146188
14 0.306769 -1.248275 -0.564124
16 0.420798 -1.361786 -0.866705
18 0.481369 -1.446368 -1.199701
20 0.584055 -1.670655 -1.222482
22 0.612406 -1.703459 -0.702451
24 0.773792 -1.769259 -0.485929
26 0.789622 -1.726135 -0.040303
28 0.922366 -1.679520 0.474973
30 1.047696 -1.577990 0.679461
32 1.175096 -1.479396 0.787328
34 1.355545 -1.280408 0.826382
36 1.468393 -1.160299 0.657872
39 1.607787 -1.053515 0.536361
41 1.653305 -1.047377 0.516950
43 1.783246 -0.956913 0.731328
45 1.901563 -0.825108 0.839983
47 2.016016 -0.674822 1.280843
49 2.020068 -0.523471 1.685681
51 2.016897 -0.327059 2.170100
53 1.901405 -0.189236 2.211768
55 2.105535 -0.130046 2.357492
57 1.993717 -0.130855 2.870923
60 1.889302 -0.089545 -2.582213
62 1.770365 -0.047091 -2.698768
64 1.661381 -0.060896 -3.010937
66 1.422011 -0.043959 -3.023964
68 1.374788 -0.066529 -2.502944
70 1.273729 -0.149812 -2.529681
72 1.101687 -0.251667 -2.602440
74 0.906363 -0.395279 -2.606860
76 0.731027 -0.515649 -2.614463
79 0.581068 -0.598367 -2.848582
81 0.381768 -0.657885 -2.970100
83 0.299516 -0.751682 -2.796096
85 0.130774 -0.838092 -2.691549
87 -0.012519 -1.008601 -2.713636
89 -0.070776 -1.048287 -1.995955
91 -0.070146 -1.053006 -1.038155
93 -0.008423 -0.839811 -0.413335
96 0.018420 -0.923585 0.116029
98 -0.047098 -0.997616 -0.093996
