0.058801 -1.02022 0.59887 0.365525 -0.860406 0.575504
0.191125 -0.931626 0.580524 0.365525 -0.860406 0.575504
0.326871 -0.829109 0.572711 0.511433 -0.766798 0.584617
0.481307 -0.731625 0.591297 0.511433 -0.766798 0.584617
0.628207 -0.622199 0.600433 0.654994 -0.658167 0.593524
0.776529 -0.503525 0.606159 0.90334 -0.469294 0.609605
0.880691 -0.417911 0.592664 1.02896 -0.365622 0.583383
0.970858 -0.351965 0.609119 1.02896 -0.365622 0.583383
1.12918 -0.233693 0.595763 1.31402 -0.154611 0.604617
1.24756 -0.14374 0.46335 1.31402 -0.154611 0.604617
1.33159 -0.122073 -0.062729 2.05951 -0.64639 -2.27063
1.39269 -0.080448 -0.430217 1.67585 -0.14307 -0.555118
1.58975 -0.214605 -0.620453 1.79965 -0.177569 -0.869166
1.71911 -0.293675 -0.917227 1.85329 -0.28824 -1.10937
1.79881 -0.395841 -1.11133 1.93168 -0.408865 -1.13805
1.88605 -0.470457 -1.17443 1.99317 -0.505675 -1.15895
1.98998 -0.684159 -1.31118 2.09186 -0.639759 -1.51901
1.95273 -0.674105 -1.03244 1.99317 -0.505675 -1.15895
1.95097 -0.673567 -0.380026 1.85329 -0.28824 -1.10937
1.98118 -0.645014 0.451331 0.792815 -1.81924 -3.00987
2.00312 -0.629888 1.2407 0.792815 -1.81924 -3.00987
1.98883 -0.731963 2.046 1.9329 -0.807896 -2.38296
1.94275 -0.543731 2.48831 2.05951 -0.64639 -2.27063
1.82553 -0.490506 2.86714 0.895215 -1.77372 -2.75176
1.62159 -0.467549 3.06005 0.895215 -1.77372 -2.75176
1.44913 -0.327061 2.97236 0.895215 -1.77372 -2.75176
1.56543 0.042449 2.34334 0.895215 -1.77372 -2.75176
1.48969 0.072756 2.95424 0.257812 -1.38451 2.0674
1.36656 0.09425 -2.69498 2.05951 -0.64639 -2.27063
1.29776 0.007416 -2.50041 1.9329 -0.807896 -2.38296
1.29347 -0.141455 -2.54895 0.748058 -1.7985 2.97764
1.25291 -0.152715 -2.56831 1.9329 -0.807896 -2.38296
1.16115 -0.208585 -2.69495 1.9329 -0.807896 -2.38296
1.09652 -0.250704 -2.6614 1.9329 -0.807896 -2.38296
0.991543 -0.31824 -2.67413 1.59378 -1.11218 -2.5925
0.879291 -0.384356 -2.67723 1.53583 -1.12706 -2.59317
0.724222 -0.481378 -2.63213 0.792815 -1.81924 -3.00987
0.566837 -0.567445 -2.60818 0.792815 -1.81924 -3.00987
0.341558 -0.721677 -2.57745 0.748058 -1.7985 2.97764
0.241958 -0.80565 -2.6546 0.553511 -1.6107 2.69577
0.087639 -0.90102 -2.65977 1.31402 -0.154611 0.604617
-0.048806 -0.971778 -1.98225 0.792815 -1.81924 -3.00987
-0.139669 -0.96552 -0.786639 1.9329 -0.807896 -2.38296
-0.223071 -1.09632 -0.083322 0.792815 -1.81924 -3.00987
-0.192033 -1.27802 0.455927 -0.008327 -1.08033 0.708754
-0.171561 -1.2188 0.791643 -0.004536 -1.0529 0.692909
-0.302475 -1.13508 0.640477 -0.004536 -1.0529 0.692909
