0.058801 -1.02022 0.59887
0.191125 -0.931626 0.580524
0.326871 -0.829109 0.572711
0.481307 -0.731625 0.591297
0.628207 -0.622199 0.600433
0.776529 -0.503525 0.606159
0.880691 -0.417911 0.592664
0.970858 -0.351965 0.609119
1.12918 -0.233693 0.595763
1.24756 -0.14374 0.46335
1.33159 -0.122073 -0.062729
1.39269 -0.080448 -0.430217
1.58975 -0.214605 -0.620453
1.71911 -0.293675 -0.917227
1.79881 -0.395841 -1.11133
1.88605 -0.470457 -1.17443
1.98998 -0.684159 -1.31118
1.95273 -0.674105 -1.03244
1.95097 -0.673567 -0.380026
1.98118 -0.645014 0.451331
2.00312 -0.629888 1.2407
1.98883 -0.731963 2.046
1.94275 -0.543731 2.48831
1.82553 -0.490506 2.86714
1.62159 -0.467549 3.06005
1.44913 -0.327061 2.97236
1.56543 0.042449 2.34334
1.48969 0.072756 2.95424
1.36656 0.09425 -2.69498
1.29776 0.007416 -2.50041
1.29347 -0.141455 -2.54895
1.25291 -0.152715 -2.56831
1.16115 -0.208585 -2.69495
1.09652 -0.250704 -2.6614
0.991543 -0.31824 -2.67413
0.879291 -0.384356 -2.67723
0.724222 -0.481378 -2.63213
0.566837 -0.567445 -2.60818
0.341558 -0.721677 -2.57745
0.241958 -0.80565 -2.6546
0.087639 -0.90102 -2.65977
-0.048806 -0.971778 -1.98225
-0.139669 -0.96552 -0.786639
-0.223071 -1.09632 -0.083322
-0.192033 -1.27802 0.455927
-0.171561 -1.2188 0.791643
-0.302475 -1.13508 0.640477
