0.202048 -0.952222 0.493873
0.30375 -0.896905 0.542002
0.365525 -0.860406 0.575504
0.511433 -0.766798 0.584617
0.654994 -0.658167 0.593524
0.810305 -0.559763 0.637389
0.90334 -0.469294 0.609605
1.02896 -0.365622 0.583383
1.18192 -0.255805 0.591392
1.31402 -0.154611 0.604617
1.38856 -0.100985 0.454747
1.48307 -0.070521 0.114023
1.6481 -0.046965 -0.213785
1.67585 -0.14307 -0.555118
1.79965 -0.177569 -0.869166
1.85329 -0.28824 -1.10937
1.93168 -0.408865 -1.13805
1.99317 -0.505675 -1.15895
2.09186 -0.639759 -1.51901
2.10614 -0.683021 -2.05734
2.05951 -0.64639 -2.27063
1.9329 -0.807896 -2.38296
1.79761 -0.943734 -2.50702
1.59378 -1.11218 -2.5925
1.53583 -1.12706 -2.59317
1.45909 -1.20821 -2.42393
1.34098 -1.32977 -2.318
1.31952 -1.36664 -2.27054
1.15409 -1.47574 -2.41474
1.07493 -1.62461 -2.39535
0.979976 -1.71113 -2.47045
0.895215 -1.77372 -2.75176
0.792815 -1.81924 -3.00987
0.748058 -1.7985 2.97764
0.553511 -1.6107 2.69577
0.434069 -1.54922 2.38036
0.257812 -1.38451 2.0674
0.251761 -1.35951 2.0922
0.15842 -1.26065 2.23783
0.084258 -1.18208 2.28275
0.021745 -1.10526 2.09455
0.034001 -1.05866 1.0693
-0.008327 -1.08033 0.708754
-0.004536 -1.0529 0.692909
