2 -0.009190 -0.570095 0.445233
2 -0.009190 -0.570095 0.445233
2 -0.009190 -0.570095 0.445233
2 -0.009190 -0.570095 0.445233
2 -0.009190 -0.570095 0.445233
2 -0.009190 -0.570095 0.445233
2 -0.009190 -0.570095 0.445233
2 -0.009190 -0.570095 0.445233
2 -0.009190 -0.570095 0.445233
2 -0.009190 -0.570095 0.445233
2 -0.009190 -0.570095 0.445233
2 -0.009190 -0.570095 0.445233
2 -0.009190 -0.570095 0.445233
2 -0.009190 -0.570095 0.445233
2 -0.009190 -0.570095 0.445233
2 -0.009190 -0.570095 0.445233
2 -0.009190 -0.570095 0.445233
3 -0.009190 -0.570095 0.445233
3 -0.009190 -0.570095 0.445233
3 -0.009190 -0.570095 0.445233
3 -0.009190 -0.570095 0.445233
3 -0.009190 -0.570095 0.445233
3 -0.009190 -0.570095 0.445233
3 -0.009190 -0.570095 0.445233
3 -0.009190 -0.570095 0.445233
3 -0.009190 -0.570095 0.445233
3 -0.009190 -0.570095 0.445233
3 -0.009190 -0.570095 0.445233
3 -0.009190 -0.570095 0.445233
3 -0.009190 -0.570095 0.445233
3 -0.009190 -0.570095 0.445233
3 -0.009190 -0.570095 0.445233
3 -0.009190 -0.570095 0.445233
3 -0.009190 -0.570095 0.445233
3 -0.009190 -0.570095 0.445233
3 -0.009190 -0.570095 0.445233
4 -0.009190 -0.570095 0.445233
4 -0.009190 -0.570095 0.445233
4 -0.009190 -0.570095 0.445233
4 -0.009190 -0.570095 0.445233
4 -0.009190 -0.570095 0.445233
4 -0.009190 -0.570095 0.445233
4 -0.009190 -0.570095 0.445233
4 -0.009190 -0.570095 0.445233
4 -0.009190 -0.570095 0.445233
4 -0.009190 -0.570095 0.445233
4 -0.009190 -0.570095 0.445233
4 -0.009190 -0.570095 0.445233
4 -0.009190 -0.570095 0.445233
4 -0.009190 -0.570095 0.445233
4 -0.009190 -0.570095 0.445233
4 -0.009190 -0.570095 0.445233
4 -0.009190 -0.570095 0.445233
4 -0.009190 -0.570095 0.445233
4 -0.009190 -0.570095 0.445233
5 -0.009190 -0.570095 0.445233
5 -0.009190 -0.570095 0.445233
5 -0.009190 -0.570095 0.445233
5 -0.009190 -0.570095 0.445233
5 -0.009190 -0.570095 0.445233
5 -0.008420 -0.569728 0.445233
5 -0.007496 -0.569287 0.445233
5 -0.005995 -0.568571 0.444186
5 -0.003877 -0.567563 0.444710
5 -0.001644 -0.566499 0.444710
5 -0.000951 -0.566169 0.444710
5 0.002706 -0.564426 0.446106
5 0.005668 -0.563009 0.447502
5 0.009513 -0.561164 0.446106
5 0.013322 -0.559342 0.447502
5 0.017628 -0.557275 0.446106
5 0.022745 -0.554828 0.446979
5 0.024706 -0.553888 0.447502
6 0.029166 -0.551747 0.447153
6 0.034511 -0.549184 0.443837
6 0.035897 -0.548525 0.442790
6 0.039866 -0.546643 0.440870
6 0.043607 -0.544878 0.435634
6 0.046623 -0.543474 0.426209
6 0.049962 -0.541958 0.413468
6 0.053751 -0.540296 0.399506
6 0.058504 -0.538289 0.388510
6 0.063872 -0.536091 0.385718
6 0.069443 -0.533829 0.385718
6 0.071142 -0.533139 0.386765
6 0.078133 -0.530292 0.387289
6 0.084609 -0.527651 0.388859
6 0.091594 -0.524789 0.390430
6 0.097588 -0.522322 0.388510
6 0.103351 -0.519963 0.389732
6 0.108518 -0.517841 0.390081
7 0.113330 -0.515862 0.389907
7 0.118143 -0.513885 0.390605
7 0.119680 -0.513251 0.391128
7 0.125634 -0.510796 0.390605
7 0.131588 -0.508344 0.392874
7 0.138089 -0.505651 0.394270
7 0.145058 -0.502751 0.394619
7 0.151908 -0.499898 0.394270
7 0.158917 -0.496982 0.394270
7 0.165216 -0.494361 0.394444
7 0.171673 -0.491673 0.395317
7 0.173759 -0.490803 0.395143
7 0.178797 -0.488702 0.394444
7 0.184546 -0.486309 0.394095
7 0.188995 -0.484459 0.395143
7 0.193167 -0.482718 0.394444
7 0.197223 -0.481030 0.395666
7 0.201158 -0.479387 0.395317
8 0.205644 -0.477515 0.395666
8 0.211193 -0.475197 0.393746
8 0.213083 -0.474412 0.393921
8 0.219463 -0.471760 0.393397
8 0.226238 -0.468948 0.393572
8 0.233169 -0.466070 0.393921
8 0.240455 -0.463042 0.393746
8 0.247110 -0.460277 0.393572
8 0.254397 -0.457251 0.393223
8 0.261133 -0.454457 0.393921
8 0.268379 -0.451445 0.392874
8 0.270664 -0.450498 0.392525
8 0.277874 -0.447513 0.394095
8 0.285120 -0.444500 0.394444
8 0.292443 -0.441452 0.395143
8 0.299370 -0.438562 0.394619
8 0.306456 -0.435611 0.394968
8 0.313345 -0.432740 0.395492
9 0.315431 -0.431869 0.396015
9 0.321136 -0.429483 0.395666
9 0.328888 -0.426246 0.395492
9 0.332390 -0.424784 0.397411
9 0.336716 -0.422968 0.399855
9 0.339034 -0.421988 0.404916
9 0.341425 -0.420964 0.408756
9 0.343733 -0.419964 0.417832
9 0.345955 -0.418977 0.430398
9 0.348746 -0.417696 0.442092
9 0.351829 -0.416236 0.452040
9 0.352980 -0.415678 0.453437
9 0.357351 -0.413548 0.458149
9 0.362132 -0.411190 0.459371
9 0.367101 -0.408732 0.459196
9 0.372911 -0.405859 0.458149
9 0.378496 -0.403105 0.458847
10 0.384307 -0.400234 0.459022
10 0.389086 -0.397872 0.458498
10 0.394211 -0.395343 0.458323
10 0.395779 -0.394569 0.458498
10 0.399068 -0.392946 0.458847
10 0.402700 -0.391152 0.458673
10 0.406027 -0.389509 0.459196
10 0.409773 -0.387657 0.458847
10 0.413902 -0.385617 0.459894
10 0.418641 -0.383269 0.458673
10 0.424262 -0.380494 0.458498
10 0.430534 -0.377398 0.458847
10 0.432598 -0.376378 0.458673
10 0.438793 -0.373319 0.458498
10 0.445638 -0.369941 0.458149
10 0.452179 -0.366715 0.459371
10 0.458753 -0.363463 0.459371
10 0.465404 -0.360173 0.459196
10 0.472094 -0.356865 0.459545
11 0.478783 -0.353555 0.460592
11 0.485316 -0.350314 0.460767
11 0.487417 -0.349271 0.460418
11 0.493988 -0.346012 0.460418
11 0.500406 -0.342828 0.461116
11 0.506899 -0.339602 0.460941
11 0.513507 -0.336321 0.462338
11 0.520110 -0.333030 0.462687
11 0.526292 -0.329946 0.463210
11 0.528238 -0.328975 0.463210
11 0.533846 -0.326173 0.462861
11 0.539227 -0.323488 0.463909
11 0.541324 -0.322439 0.463909
11 0.546587 -0.319806 0.464781
11 0.553068 -0.316556 0.465654
11 0.559699 -0.313224 0.467050
11 0.566591 -0.309749 0.466352
11 0.573219 -0.306412 0.465654
11 0.575581 -0.305225 0.465654
12 0.582021 -0.301989 0.466177
12 0.591089 -0.297428 0.465828
12 0.598023 -0.293942 0.466003
12 0.604690 -0.290589 0.465828
12 0.607053 -0.289401 0.465654
12 0.613607 -0.286108 0.466177
12 0.620578 -0.282600 0.465479
12 0.622827 -0.281470 0.465479
12 0.629801 -0.277967 0.465828
12 0.632049 -0.276837 0.465479
12 0.638032 -0.273832 0.464956
12 0.644969 -0.270352 0.465479
12 0.647180 -0.269242 0.465828
12 0.653619 -0.266004 0.465130
12 0.655982 -0.264819 0.465130
12 0.662729 -0.261433 0.465305
12 0.665091 -0.260246 0.465479
12 0.672332 -0.256609 0.465828
12 0.679114 -0.253200 0.466003
12 0.685782 -0.249847 0.465479
12 0.687992 -0.248736 0.465654
13 0.694927 -0.245251 0.466352
13 0.701707 -0.241838 0.466177
13 0.703955 -0.240707 0.466527
13 0.710697 -0.237312 0.467399
13 0.712943 -0.236178 0.467748
13 0.719795 -0.232717 0.467923
13 0.722040 -0.231583 0.467748
13 0.729006 -0.228064 0.468272
13 0.735818 -0.224618 0.467923
13 0.742441 -0.221272 0.468621
13 0.748871 -0.218016 0.468795
13 0.755567 -0.214625 0.469494
13 0.762033 -0.211345 0.468970
13 0.764277 -0.210208 0.468272
13 0.771203 -0.206705 0.468621
13 0.778128 -0.203199 0.468795
13 0.784938 -0.199750 0.468097
13 0.792055 -0.196152 0.468446
13 0.798904 -0.192686 0.467923
14 0.805870 -0.189166 0.468097
14 0.808077 -0.188050 0.468621
14 0.815078 -0.184506 0.467923
14 0.822195 -0.180909 0.468272
14 0.824517 -0.179735 0.468446
14 0.831252 -0.176327 0.467574
14 0.837800 -0.173021 0.466701
14 0.844312 -0.169740 0.468272
14 0.850706 -0.166506 0.467574
14 0.856987 -0.163335 0.467225
14 0.859081 -0.162278 0.467923
14 0.865590 -0.158989 0.468272
14 0.872097 -0.155698 0.469145
14 0.874113 -0.154676 0.469494
14 0.880350 -0.151511 0.468621
14 0.886704 -0.148295 0.469145
14 0.888835 -0.147215 0.469319
14 0.895148 -0.144013 0.469145
14 0.901463 -0.140812 0.469843
14 0.903630 -0.139712 0.469843
14 0.909828 -0.136565 0.470192
15 0.912033 -0.135444 0.470017
15 0.918193 -0.132315 0.470715
15 0.924654 -0.129027 0.470541
15 0.926745 -0.127964 0.470192
15 0.933094 -0.124737 0.470890
15 0.935108 -0.123712 0.470715
15 0.941265 -0.120579 0.471588
15 0.947610 -0.117343 0.471762
15 0.953992 -0.114087 0.472112
15 0.956119 -0.113001 0.472112
15 0.962462 -0.109762 0.471239
15 0.964551 -0.108697 0.471588
15 0.970972 -0.105423 0.471762
15 0.977392 -0.102148 0.471064
15 0.979558 -0.101045 0.471239
15 0.986056 -0.097734 0.471064
15 0.988222 -0.096631 0.471239
15 0.994795 -0.093281 0.470715
15 0.996962 -0.092179 0.471413
15 1.003307 -0.088944 0.471413
15 1.009804 -0.085633 0.470715
15 1.016455 -0.082248 0.471064
16 1.018621 -0.081145 0.471064
16 1.025158 -0.077816 0.470890
16 1.031770 -0.074449 0.470541
16 1.038384 -0.071085 0.471239
16 1.040588 -0.069962 0.471239
16 1.047010 -0.066690 0.471064
16 1.053508 -0.063381 0.470890
16 1.060197 -0.059975 0.471064
16 1.066771 -0.056627 0.471588
16 1.073154 -0.053372 0.471762
16 1.079498 -0.050136 0.472112
16 1.086106 -0.046761 0.472810
16 1.092447 -0.043518 0.472635
16 1.094611 -0.042411 0.472984
16 1.101027 -0.039128 0.473857
16 1.107440 -0.035839 0.473508
16 1.113854 -0.032553 0.474206
16 1.120418 -0.029184 0.474031
16 1.126869 -0.025874 0.473508
17 1.129032 -0.024766 0.474031
17 1.135179 -0.021612 0.474555
17 1.141627 -0.018300 0.474904
17 1.143827 -0.017169 0.475602
17 1.150235 -0.013869 0.475602
17 1.156718 -0.010530 0.474730
17 1.158842 -0.009438 0.475079
17 1.165289 -0.006122 0.475253
17 1.171887 -0.002726 0.475079
17 1.178410 0.000629 0.475253
17 1.185008 0.004024 0.475428
17 1.187207 0.005156 0.475079
17 1.193199 0.008238 0.475253
17 1.199455 0.011458 0.475602
17 1.201427 0.012473 0.475602
17 1.207493 0.015598 0.474730
17 1.213448 0.018658 0.474730
17 1.219479 0.021757 0.474730
17 1.225548 0.024876 0.474206
17 1.231618 0.027992 0.474380
18 1.237764 0.031148 0.474206
18 1.243796 0.034244 0.474380
18 1.249828 0.037342 0.474904
18 1.251914 0.038414 0.474730
18 1.258059 0.041572 0.475079
18 1.264051 0.044654 0.475079
18 1.269853 0.047639 0.474555
18 1.275771 0.050679 0.475428
18 1.281762 0.053763 0.476126
18 1.287637 0.056792 0.475602
18 1.293551 0.059839 0.476475
18 1.299463 0.062890 0.476998
18 1.301357 0.063869 0.476649
18 1.307382 0.066980 0.477697
18 1.313139 0.069960 0.476824
18 1.319049 0.073013 0.476475
18 1.325037 0.076104 0.476824
18 1.330758 0.079059 0.477697
19 1.336515 0.082039 0.477522
19 1.342575 0.085175 0.478046
19 1.348633 0.088314 0.478046
19 1.350564 0.089315 0.477522
19 1.356473 0.092372 0.478220
19 1.362379 0.095434 0.478569
19 1.368247 0.098478 0.477871
19 1.374344 0.101636 0.478220
19 1.380402 0.104776 0.478220
19 1.386422 0.107896 0.478046
19 1.392329 0.110957 0.478046
19 1.398387 0.114096 0.477522
19 1.400319 0.115095 0.477173
19 1.406531 0.118307 0.477348
19 1.412592 0.121442 0.477522
19 1.418652 0.124578 0.476475
19 1.424715 0.127708 0.476824
19 1.430891 0.130898 0.477348
20 1.436990 0.134052 0.477173
20 1.439036 0.135110 0.476998
20 1.445059 0.138223 0.477522
20 1.451233 0.141418 0.477173
20 1.453279 0.142476 0.477522
20 1.459301 0.145592 0.478046
20 1.465170 0.148633 0.477348
20 1.471231 0.151768 0.478046
20 1.477327 0.154926 0.478744
20 1.483194 0.157971 0.478220
20 1.489176 0.161072 0.478918
20 1.495156 0.164177 0.479442
20 1.501172 0.167305 0.480140
20 1.509115 0.171443 0.479966
20 1.514978 0.174495 0.479442
20 1.520957 0.177603 0.479791
20 1.526858 0.180674 0.480838
20 1.532605 0.183672 0.480838
21 1.538579 0.186789 0.481187
21 1.544590 0.189927 0.480838
21 1.550640 0.193083 0.481013
21 1.552644 0.194129 0.481187
21 1.558616 0.197247 0.481013
21 1.564628 0.200385 0.480664
21 1.570602 0.203500 0.481013
21 1.576840 0.206756 0.480664
21 1.582853 0.209891 0.480838
21 1.588713 0.212948 0.480489
21 1.594915 0.216181 0.479966
21 1.601119 0.219410 0.480140
21 1.603086 0.220435 0.480140
21 1.609176 0.223606 0.479966
21 1.615266 0.226777 0.479267
21 1.617347 0.227858 0.479267
21 1.623515 0.231064 0.479966
21 1.629606 0.234234 0.479791
22 1.635621 0.237364 0.479791
22 1.641863 0.240612 0.480664
22 1.647989 0.243806 0.480664
22 1.654039 0.246961 0.480838
22 1.656043 0.248007 0.481187
22 1.661940 0.251086 0.480315
22 1.667348 0.253904 0.480664
22 1.672907 0.256802 0.481187
22 1.677292 0.259092 0.478220
22 1.681306 0.261172 0.475602
22 1.684490 0.262812 0.469319
22 1.687609 0.264394 0.457451
22 1.690020 0.265581 0.442965
22 1.690598 0.265855 0.438078
22 1.692683 0.266832 0.418530
22 1.694242 0.267525 0.398633
22 1.695853 0.268204 0.370882
22 1.697562 0.268868 0.349764
23 1.698764 0.269307 0.331089
23 1.699893 0.269695 0.310494
23 1.700949 0.270034 0.285536
23 1.702627 0.270526 0.257087
23 1.702957 0.270613 0.249058
23 1.705271 0.271201 0.222006
23 1.707934 0.271802 0.204204
23 1.711483 0.272538 0.185179
23 1.715130 0.273221 0.164061
23 1.719674 0.273973 0.149400
23 1.724397 0.274684 0.135438
23 1.729848 0.275427 0.125838
23 1.734967 0.276074 0.115017
23 1.736535 0.276255 0.113097
23 1.742043 0.276881 0.105592
23 1.746072 0.277308 0.096691
23 1.749680 0.277658 0.084125
23 1.752315 0.277880 0.061610
24 1.754826 0.278035 0.040666
24 1.757255 0.278134 0.017104
24 1.759984 0.278181 -0.003665
24 1.763310 0.278168 -0.028274
24 1.764547 0.278133 -0.035430
24 1.768979 0.277976 -0.053582
24 1.774302 0.277691 -0.068591
24 1.780131 0.277290 -0.077144
24 1.786169 0.276824 -0.083252
24 1.793945 0.276166 -0.090408
24 1.799891 0.275627 -0.094771
24 1.805071 0.275135 -0.099658
24 1.809611 0.274681 -0.107163
24 1.810925 0.274539 -0.111003
24 1.815672 0.274010 -0.126187
24 1.820369 0.273415 -0.141721
24 1.825899 0.272625 -0.152367
24 1.831885 0.271706 -0.155334
25 1.837657 0.270802 -0.158825
25 1.843552 0.269858 -0.161443
25 1.849361 0.268912 -0.165981
25 1.851338 0.268581 -0.168250
25 1.856509 0.267703 -0.173660
25 1.857979 0.267445 -0.175755
25 1.863186 0.266520 -0.181340
25 1.864528 0.266274 -0.183783
25 1.868679 0.265502 -0.193208
25 1.873032 0.264651 -0.206996
25 1.877456 0.263722 -0.219737
25 1.882825 0.262523 -0.235619
25 1.884691 0.262075 -0.239459
25 1.890118 0.260750 -0.244172
25 1.896367 0.259193 -0.249058
25 1.898185 0.258730 -0.250280
25 1.903350 0.257410 -0.256214
25 1.908053 0.256178 -0.261974
25 1.912007 0.255118 -0.272097
25 1.914800 0.254338 -0.288677
26 1.917498 0.253537 -0.304734
26 1.919248 0.252987 -0.330740
26 1.919933 0.252751 -0.338419
26 1.922226 0.251944 -0.363028
26 1.924499 0.251081 -0.383972
26 1.925290 0.250762 -0.390605
26 1.928010 0.249641 -0.412770
26 1.928948 0.249231 -0.418704
26 1.933195 0.247341 -0.437380
26 1.937290 0.245426 -0.456927
26 1.938476 0.244843 -0.460592
26 1.943786 0.242208 -0.474380
26 1.948832 0.239617 -0.484678
26 1.950681 0.238643 -0.486074
26 1.956111 0.235775 -0.491136
26 1.961300 0.232999 -0.494801
26 1.966329 0.230285 -0.499164
26 1.971871 0.227264 -0.504400
26 1.976724 0.224585 -0.508065
26 1.982015 0.221639 -0.512603
27 1.986586 0.219066 -0.520981
27 1.990914 0.216583 -0.529358
27 1.992350 0.215743 -0.531278
27 1.995696 0.213777 -0.538434
27 1.998844 0.211896 -0.551524
27 2.001459 0.210287 -0.569152
27 2.004190 0.208540 -0.590096
27 2.007839 0.206096 -0.609469
27 2.011301 0.203679 -0.625351
27 2.015900 0.200359 -0.633031
27 2.020438 0.197029 -0.641583
27 2.022078 0.195804 -0.642630
27 2.026858 0.192226 -0.646819
27 2.031826 0.188473 -0.650833
27 2.033421 0.187259 -0.652579
27 2.037995 0.183763 -0.657116
27 2.042655 0.180168 -0.662702
27 2.047496 0.176390 -0.670206
27 2.052041 0.172787 -0.677013
28 2.056894 0.168887 -0.682773
28 2.061493 0.165147 -0.687485
28 2.063174 0.163766 -0.688881
28 2.067750 0.159998 -0.693070
28 2.072278 0.156238 -0.700924
28 2.076254 0.152883 -0.708255
28 2.079849 0.149804 -0.715760
28 2.082938 0.147117 -0.727802
28 2.085645 0.144706 -0.745605
28 2.088809 0.141784 -0.763058
28 2.092323 0.138424 -0.781908
28 2.093533 0.137222 -0.785922
28 2.097813 0.132937 -0.796394
28 2.102048 0.128608 -0.801106
28 2.103532 0.127077 -0.802328
28 2.107800 0.122662 -0.806168
28 2.109217 0.121185 -0.807389
28 2.113433 0.116779 -0.809309
28 2.117582 0.112426 -0.812276
28 2.119020 0.110909 -0.813672
29 2.123120 0.106570 -0.818036
29 2.127377 0.102026 -0.823621
29 2.128739 0.100556 -0.824494
29 2.132851 0.096110 -0.826762
29 2.137671 0.090867 -0.830777
29 2.141064 0.087151 -0.836885
29 2.143806 0.084110 -0.845612
29 2.146324 0.081270 -0.862193
29 2.148322 0.078939 -0.877202
29 2.149821 0.077135 -0.896925
29 2.150327 0.076502 -0.903033
29 2.152175 0.074158 -0.922581
29 2.152665 0.073512 -0.928690
29 2.155603 0.069533 -0.959233
29 2.157880 0.066285 -0.976337
29 2.160842 0.061905 -0.995187
29 2.163906 0.057182 -1.003564
29 2.167137 0.052111 -1.009848
30 2.170359 0.046983 -1.014211
30 2.171485 0.045173 -1.017003
30 2.174737 0.039913 -1.021541
30 2.177876 0.034785 -1.027126
30 2.180965 0.029675 -1.033933
30 2.182012 0.027916 -1.036551
30 2.184987 0.022888 -1.047547
30 2.187991 0.017679 -1.055226
30 2.191061 0.012262 -1.060986
30 2.194037 0.006939 -1.067094
30 2.197063 0.001449 -1.073901
30 2.199889 -0.003762 -1.078788
30 2.202850 -0.009287 -1.085769
30 2.205694 -0.014682 -1.094321
30 2.206632 -0.016501 -1.096416
30 2.209321 -0.021737 -1.104270
30 2.212064 -0.027183 -1.110728
30 2.214620 -0.032342 -1.117185
30 2.217330 -0.037900 -1.122072
31 2.219938 -0.043318 -1.126086
31 2.222433 -0.048554 -1.130973
31 2.225048 -0.054110 -1.135686
31 2.227493 -0.059370 -1.140224
31 2.228294 -0.061114 -1.141445
31 2.230815 -0.066620 -1.147729
31 2.233248 -0.072025 -1.152441
31 2.235743 -0.077636 -1.156979
31 2.238213 -0.083259 -1.161342
31 2.240556 -0.088658 -1.164833
31 2.241330 -0.090460 -1.166229
31 2.243731 -0.096066 -1.170941
31 2.246105 -0.101684 -1.176526
31 2.246924 -0.103652 -1.178621
31 2.249222 -0.109209 -1.182810
31 2.251578 -0.114972 -1.187697
31 2.252311 -0.116792 -1.189093
31 2.254614 -0.122531 -1.193980
31 2.256890 -0.128280 -1.199565
32 2.257663 -0.130267 -1.200787
32 2.259915 -0.136072 -1.205499
32 2.260676 -0.138064 -1.207942
32 2.262841 -0.143765 -1.212829
32 2.265052 -0.149677 -1.218414
32 2.265730 -0.151518 -1.219985
32 2.267913 -0.157485 -1.225745
32 2.268663 -0.159572 -1.227490
32 2.270716 -0.165315 -1.233250
32 2.271465 -0.167447 -1.234995
32 2.273502 -0.173286 -1.239009
32 2.275628 -0.179455 -1.244769
32 2.277635 -0.185393 -1.248259
32 2.278338 -0.187497 -1.249830
32 2.280330 -0.193486 -1.252099
32 2.282347 -0.199601 -1.256637
32 2.282980 -0.201548 -1.258731
32 2.284918 -0.207555 -1.266236
32 2.285493 -0.209385 -1.268331
32 2.287348 -0.215329 -1.273916
32 2.287959 -0.217327 -1.274788
32 2.289738 -0.223161 -1.277930
32 2.291572 -0.229244 -1.281246
33 2.293338 -0.235171 -1.282992
33 2.293968 -0.237297 -1.285260
33 2.295697 -0.243189 -1.288053
33 2.297411 -0.249086 -1.290846
33 2.299155 -0.255152 -1.295558
33 2.299699 -0.257081 -1.296605
33 2.301374 -0.263034 -1.301667
33 2.303018 -0.268995 -1.304285
33 2.304691 -0.275125 -1.307775
33 2.306266 -0.280972 -1.309521
33 2.307907 -0.287111 -1.311266
33 2.309461 -0.292964 -1.315978
33 2.309999 -0.295027 -1.317724
33 2.311579 -0.301138 -1.321389
33 2.313137 -0.307254 -1.324879
33 2.314705 -0.313500 -1.328196
33 2.316067 -0.319006 -1.331686
33 2.317390 -0.324434 -1.335351
33 2.317828 -0.326258 -1.339017
34 2.318847 -0.330575 -1.346347
34 2.319815 -0.334816 -1.359786
34 2.320020 -0.335775 -1.363800
34 2.320643 -0.338738 -1.378810
34 2.321163 -0.341417 -1.402198
34 2.321335 -0.342426 -1.410575
34 2.321859 -0.345668 -1.431519
34 2.322386 -0.349427 -1.454732
34 2.322914 -0.353959 -1.470963
34 2.323340 -0.358202 -1.488940
34 2.323423 -0.359223 -1.492780
34 2.323789 -0.363899 -1.504823
34 2.324025 -0.367474 -1.521404
34 2.324101 -0.369007 -1.527687
34 2.324294 -0.373481 -1.549329
34 2.324408 -0.378810 -1.563990
34 2.324449 -0.384738 -1.573240
34 2.324433 -0.390922 -1.579872
34 2.324379 -0.396892 -1.584061
34 2.324351 -0.399024 -1.587551
35 2.324254 -0.404780 -1.593311
35 2.324120 -0.410749 -1.599594
35 2.323879 -0.418678 -1.608845
35 2.323806 -0.420596 -1.610764
35 2.323562 -0.426689 -1.615826
35 2.323478 -0.428564 -1.617397
35 2.323245 -0.433548 -1.621411
35 2.322987 -0.438659 -1.629614
35 2.322748 -0.442703 -1.638864
35 2.322644 -0.444235 -1.646020
35 2.322429 -0.447084 -1.661553
35 2.322094 -0.450650 -1.685639
35 2.321840 -0.452853 -1.706059
35 2.321753 -0.453487 -1.712168
35 2.321531 -0.455049 -1.736428
35 2.321461 -0.455470 -1.743933
35 2.321226 -0.456814 -1.766273
35 2.321019 -0.457860 -1.794722
35 2.320744 -0.459066 -1.820378
35 2.320702 -0.459231 -1.832596
36 2.320437 -0.460220 -1.858601
36 2.320025 -0.461610 -1.884257
36 2.319775 -0.462381 -1.897173
36 2.319051 -0.464522 -1.921433
36 2.318743 -0.465363 -1.928589
36 2.317743 -0.468039 -1.952151
36 2.317425 -0.468831 -1.958608
36 2.316457 -0.471200 -1.974666
36 2.315603 -0.473200 -1.996657
36 2.315127 -0.474248 -2.017601
36 2.314501 -0.475556 -2.045177
36 2.314345 -0.475860 -2.053380
36 2.313929 -0.476653 -2.079560
36 2.313347 -0.477696 -2.110801
36 2.313194 -0.477952 -2.118830
36 2.312128 -0.479699 -2.148326
36 2.311173 -0.481164 -2.172237
36 2.309460 -0.483660 -2.199464
36 2.307704 -0.486075 -2.222502
36 2.305350 -0.489160 -2.243621
37 2.302108 -0.493174 -2.268579
37 2.298628 -0.497324 -2.285683
37 2.297453 -0.498677 -2.290396
37 2.293800 -0.502846 -2.300693
37 2.289762 -0.507359 -2.308722
37 2.288384 -0.508874 -2.310816
37 2.284387 -0.513251 -2.316226
37 2.280048 -0.517952 -2.319019
37 2.278772 -0.519327 -2.320066
37 2.274763 -0.523636 -2.324779
37 2.273333 -0.525159 -2.327920
37 2.269467 -0.529251 -2.336472
37 2.265506 -0.533371 -2.346595
37 2.264103 -0.534801 -2.348690
37 2.259883 -0.539085 -2.351831
37 2.258562 -0.540418 -2.353926
37 2.254229 -0.544770 -2.358463
37 2.250028 -0.548952 -2.363525
37 2.245988 -0.552933 -2.368586
37 2.244798 -0.554094 -2.370157
37 2.241159 -0.557633 -2.376615
38 2.240021 -0.558725 -2.380804
38 2.236531 -0.562048 -2.391101
38 2.232757 -0.565567 -2.404017
38 2.231305 -0.566886 -2.408031
38 2.226902 -0.570855 -2.415187
38 2.225467 -0.572130 -2.417106
38 2.220677 -0.576369 -2.423739
38 2.219231 -0.577632 -2.425310
38 2.214664 -0.581608 -2.428626
38 2.210083 -0.585569 -2.435258
38 2.205282 -0.589665 -2.441017
38 2.203684 -0.591012 -2.443810
38 2.199044 -0.594903 -2.449046
38 2.194514 -0.598661 -2.454980
38 2.189501 -0.602770 -2.461612
38 2.187909 -0.604057 -2.463532
38 2.183094 -0.607936 -2.470514
38 2.178217 -0.611808 -2.475226
38 2.173156 -0.615788 -2.481858
38 2.168303 -0.619552 -2.486920
38 2.163195 -0.623473 -2.492854
39 2.158132 -0.627313 -2.497741
39 2.153084 -0.631101 -2.502802
39 2.147982 -0.634890 -2.509783
39 2.146296 -0.636124 -2.511878
39 2.141471 -0.639640 -2.518161
39 2.136450 -0.643250 -2.521826
39 2.131243 -0.646966 -2.526539
39 2.126228 -0.650509 -2.529855
39 2.121130 -0.654085 -2.532996
39 2.116057 -0.657620 -2.538407
39 2.110929 -0.661152 -2.542596
39 2.105893 -0.664591 -2.546086
39 2.104127 -0.665787 -2.547134
39 2.098934 -0.669298 -2.551671
39 2.093689 -0.672809 -2.555337
39 2.088218 -0.676442 -2.556209
39 2.083135 -0.679812 -2.558478
39 2.078080 -0.683146 -2.562492
40 2.072940 -0.686507 -2.570521
40 2.067594 -0.689942 -2.575931
40 2.062302 -0.693302 -2.580993
40 2.060568 -0.694390 -2.582215
40 2.055074 -0.697830 -2.585531
40 2.049750 -0.701139 -2.587800
40 2.044345 -0.704481 -2.591290
40 2.038638 -0.707982 -2.597224
40 2.033348 -0.711184 -2.601762
40 2.027898 -0.714451 -2.608220
40 2.022389 -0.717703 -2.613456
40 2.016827 -0.720948 -2.618867
40 2.014943 -0.722034 -2.620437
40 2.009395 -0.725219 -2.624103
40 2.003576 -0.728531 -2.628815
40 1.998002 -0.731669 -2.632655
40 1.992416 -0.734786 -2.638589
40 1.986624 -0.737973 -2.644174
41 1.981003 -0.741025 -2.648712
41 1.975330 -0.744072 -2.652900
41 1.969644 -0.747095 -2.657264
41 1.967757 -0.748088 -2.658311
41 1.962281 -0.750961 -2.660231
41 1.956611 -0.753923 -2.662500
41 1.950859 -0.756911 -2.665292
41 1.945363 -0.759746 -2.669132
41 1.939819 -0.762580 -2.673670
41 1.934148 -0.765446 -2.676811
41 1.928430 -0.768313 -2.678382
41 1.922707 -0.771171 -2.682397
41 1.920757 -0.772135 -2.683793
41 1.915057 -0.774944 -2.687458
41 1.909347 -0.777731 -2.690251
41 1.903706 -0.780466 -2.691996
41 1.897945 -0.783246 -2.694090
41 1.892216 -0.785995 -2.696534
42 1.886365 -0.788786 -2.698977
42 1.880315 -0.791654 -2.700897
42 1.874491 -0.794401 -2.703166
42 1.872522 -0.795324 -2.704911
42 1.866764 -0.798011 -2.709624
42 1.860877 -0.800725 -2.716081
42 1.854856 -0.803454 -2.720096
42 1.849058 -0.806054 -2.722714
42 1.843019 -0.808742 -2.725506
42 1.836895 -0.811448 -2.730219
42 1.834863 -0.812335 -2.731789
42 1.828995 -0.814884 -2.734233
42 1.820928 -0.818361 -2.737549
42 1.814810 -0.820976 -2.742785
42 1.808680 -0.823559 -2.746974
42 1.802696 -0.826052 -2.750290
42 1.796506 -0.828605 -2.754653
42 1.790425 -0.831083 -2.757446
43 1.788448 -0.831883 -2.758318
43 1.782475 -0.834291 -2.762158
43 1.776533 -0.836660 -2.765823
43 1.774431 -0.837490 -2.766870
43 1.768597 -0.839784 -2.768616
43 1.766532 -0.840592 -2.769139
43 1.760534 -0.842935 -2.770187
43 1.754295 -0.845365 -2.773328
43 1.748446 -0.847622 -2.774724
43 1.746376 -0.848418 -2.775423
43 1.740483 -0.850677 -2.776470
43 1.738372 -0.851485 -2.777866
43 1.732433 -0.853745 -2.779437
43 1.726252 -0.856087 -2.782927
43 1.724255 -0.856836 -2.783800
43 1.718263 -0.859076 -2.785895
43 1.716225 -0.859833 -2.786069
43 1.710947 -0.861793 -2.788163
43 1.709187 -0.862442 -2.788687
43 1.704545 -0.864152 -2.788163
43 1.700584 -0.865613 -2.787116
44 1.696824 -0.867005 -2.783102
44 1.695307 -0.867573 -2.779611
44 1.691239 -0.869114 -2.772106
44 1.686148 -0.871085 -2.765998
44 1.684561 -0.871711 -2.765649
44 1.678294 -0.874185 -2.765998
44 1.676271 -0.874982 -2.765998
44 1.670359 -0.877313 -2.767918
44 1.668176 -0.878170 -2.768616
44 1.662139 -0.880532 -2.770187
44 1.655781 -0.883008 -2.772805
44 1.649814 -0.885314 -2.775248
44 1.647744 -0.886108 -2.776121
44 1.642327 -0.888181 -2.778913
44 1.636585 -0.890360 -2.779786
44 1.634711 -0.891069 -2.779262
44 1.630085 -0.892823 -2.778390
44 1.628012 -0.893611 -2.778739
44 1.623308 -0.895397 -2.778041
44 1.621514 -0.896079 -2.777866
44 1.615376 -0.898416 -2.776121
44 1.609362 -0.900717 -2.778739
44 1.602983 -0.903139 -2.782927
45 1.597232 -0.905295 -2.783800
45 1.595475 -0.905952 -2.783800
45 1.590642 -0.907759 -2.783975
45 1.586087 -0.909461 -2.781182
45 1.584810 -0.909942 -2.780833
45 1.581658 -0.911131 -2.777866
45 1.578908 -0.912178 -2.771059
45 1.576921 -0.912950 -2.759016
45 1.575496 -0.913523 -2.737025
45 1.574438 -0.913977 -2.716256
45 1.573350 -0.914469 -2.694963
45 1.573004 -0.914635 -2.691123
45 1.571737 -0.915248 -2.680128
45 1.570210 -0.916007 -2.667736
45 1.569640 -0.916299 -2.663372
45 1.566346 -0.918007 -2.650981
45 1.565406 -0.918509 -2.647664
45 1.562327 -0.920167 -2.641730
45 1.558135 -0.922456 -2.633178
45 1.556720 -0.923245 -2.631084
45 1.551771 -0.926016 -2.626371
46 1.547466 -0.928454 -2.623579
46 1.545613 -0.929510 -2.621485
46 1.540988 -0.932159 -2.616772
46 1.535710 -0.935215 -2.611711
46 1.534275 -0.936055 -2.610314
46 1.529605 -0.938799 -2.606300
46 1.525130 -0.941453 -2.601937
46 1.520118 -0.944455 -2.596177
46 1.515524 -0.947243 -2.590941
46 1.510727 -0.950188 -2.587625
46 1.509131 -0.951175 -2.586578
46 1.504311 -0.954164 -2.583262
46 1.502683 -0.955181 -2.581866
46 1.497805 -0.958238 -2.578026
46 1.496254 -0.959217 -2.576630
46 1.491392 -0.962300 -2.571045
46 1.486798 -0.965248 -2.564936
46 1.482222 -0.968224 -2.561620
46 1.477370 -0.971402 -2.557256
47 1.472568 -0.974578 -2.552893
47 1.467745 -0.977799 -2.550275
47 1.466116 -0.978893 -2.549402
47 1.461410 -0.982059 -2.546610
47 1.456607 -0.985309 -2.543643
47 1.451778 -0.988598 -2.539454
47 1.447315 -0.991666 -2.535091
47 1.442269 -0.995166 -2.533694
47 1.437578 -0.998430 -2.530029
47 1.432934 -1.001687 -2.526888
47 1.428126 -1.005081 -2.524095
47 1.426562 -1.006192 -2.522524
47 1.421734 -1.009632 -2.518859
47 1.416884 -1.013114 -2.517288
47 1.415327 -1.014236 -2.517288
47 1.412144 -1.016529 -2.516416
47 1.407372 -1.019973 -2.512925
47 1.402439 -1.023560 -2.510307
47 1.397826 -1.026932 -2.508213
48 1.392911 -1.030542 -2.504897
48 1.388110 -1.034091 -2.501755
48 1.386434 -1.035339 -2.501580
48 1.381816 -1.038777 -2.498613
48 1.377038 -1.042357 -2.495646
48 1.372202 -1.046002 -2.493377
48 1.367476 -1.049581 -2.489363
48 1.362765 -1.053179 -2.486222
48 1.358573 -1.056402 -2.483429
48 1.354389 -1.059637 -2.480113
48 1.350957 -1.062309 -2.480462
48 1.349981 -1.063068 -2.480287
48 1.347019 -1.065373 -2.482731
48 1.344254 -1.067514 -2.485523
48 1.341618 -1.069543 -2.492679
48 1.338220 -1.072120 -2.500533
48 1.336887 -1.073115 -2.501929
48 1.333158 -1.075890 -2.500533
48 1.331620 -1.077037 -2.498962
48 1.326602 -1.080794 -2.494425
49 1.321566 -1.084600 -2.489189
49 1.316890 -1.088173 -2.486571
49 1.315300 -1.089394 -2.486745
49 1.310565 -1.093030 -2.485000
49 1.306309 -1.096310 -2.482033
49 1.302264 -1.099446 -2.477844
49 1.298838 -1.102126 -2.478018
49 1.295882 -1.104437 -2.479589
49 1.295074 -1.105066 -2.480462
49 1.292752 -1.106873 -2.483254
49 1.292043 -1.107421 -2.486047
49 1.289474 -1.109397 -2.501057
49 1.288448 -1.110161 -2.505769
49 1.285600 -1.112263 -2.513972
49 1.282356 -1.114617 -2.517288
49 1.279034 -1.117010 -2.518161
49 1.276022 -1.119177 -2.521826
49 1.273557 -1.120935 -2.525666
49 1.271329 -1.122512 -2.539629
49 1.270591 -1.123019 -2.543992
50 1.267876 -1.124867 -2.555686
50 1.264749 -1.126942 -2.568252
50 1.260343 -1.129787 -2.571045
50 1.255318 -1.133012 -2.573139
50 1.250502 -1.136088 -2.568950
50 1.244911 -1.139693 -2.567554
50 1.239754 -1.143028 -2.567205
50 1.234598 -1.146364 -2.567379
50 1.232844 -1.147499 -2.567379
50 1.228010 -1.150627 -2.565459
50 1.223504 -1.153554 -2.565110
50 1.219535 -1.156134 -2.566856
50 1.215777 -1.158568 -2.568252
50 1.212624 -1.160604 -2.573139
50 1.208491 -1.163244 -2.581167
50 1.204554 -1.165715 -2.586054
50 1.199554 -1.168819 -2.589370
51 1.198029 -1.169759 -2.589545
51 1.192655 -1.173069 -2.587276
51 1.187433 -1.176301 -2.585705
51 1.182289 -1.179497 -2.585182
51 1.176749 -1.182943 -2.582389
51 1.171688 -1.186110 -2.581866
51 1.166592 -1.189303 -2.581167
51 1.164822 -1.190413 -2.579946
51 1.159661 -1.193661 -2.578026
51 1.152597 -1.198130 -2.575233
51 1.147379 -1.201448 -2.574361
51 1.142199 -1.204747 -2.572964
51 1.136701 -1.208261 -2.572092
51 1.131529 -1.211572 -2.570695
51 1.126506 -1.214799 -2.568776
51 1.124786 -1.215908 -2.568427
51 1.119554 -1.219285 -2.566856
51 1.114257 -1.222716 -2.565809
51 1.112468 -1.223877 -2.565110
52 1.107248 -1.227271 -2.565285
52 1.101920 -1.230733 -2.563889
52 1.100241 -1.231828 -2.563540
52 1.094955 -1.235276 -2.563191
52 1.089599 -1.238774 -2.561794
52 1.087779 -1.239965 -2.561620
52 1.082571 -1.243377 -2.561271
52 1.080752 -1.244570 -2.561445
52 1.075580 -1.247959 -2.560573
52 1.070411 -1.251353 -2.559874
52 1.068630 -1.252525 -2.559351
52 1.063144 -1.256136 -2.559525
52 1.061470 -1.257238 -2.559176
52 1.055914 -1.260898 -2.558129
52 1.054277 -1.261978 -2.557955
52 1.048868 -1.265550 -2.558129
52 1.043458 -1.269122 -2.556907
52 1.038159 -1.272629 -2.556209
52 1.036346 -1.273830 -2.554987
52 1.031907 -1.276781 -2.555337
52 1.023558 -1.282325 -2.556733
53 1.022171 -1.283243 -2.558304
53 1.020641 -1.284253 -2.564412
53 1.018103 -1.285905 -2.577502
53 1.016085 -1.287182 -2.600541
53 1.013161 -1.288939 -2.619565
53 1.009612 -1.290981 -2.633702
53 1.005923 -1.293034 -2.642079
53 1.001206 -1.295608 -2.649410
53 0.996884 -1.297926 -2.654646
53 0.995452 -1.298684 -2.655868
53 0.990172 -1.301471 -2.660056
53 0.985447 -1.303940 -2.661627
53 0.980605 -1.306461 -2.661627
53 0.975574 -1.309080 -2.664769
53 0.971293 -1.311291 -2.667561
53 0.969737 -1.312089 -2.669132
53 0.964686 -1.314671 -2.672797
53 0.960083 -1.317002 -2.677684
53 0.958443 -1.317823 -2.679255
54 0.953557 -1.320257 -2.682222
54 0.948512 -1.322753 -2.683269
54 0.946791 -1.323602 -2.683618
54 0.941780 -1.326072 -2.685015
54 0.936574 -1.328629 -2.686934
54 0.931172 -1.331270 -2.688156
54 0.926226 -1.333680 -2.689552
54 0.919395 -1.336990 -2.694614
54 0.914126 -1.339515 -2.701595
54 0.912544 -1.340260 -2.702991
54 0.907139 -1.342795 -2.706831
54 0.902072 -1.345148 -2.708227
54 0.896576 -1.347691 -2.709624
54 0.891774 -1.349905 -2.711369
54 0.887161 -1.352022 -2.714511
54 0.885648 -1.352711 -2.718350
54 0.882070 -1.354322 -2.725157
54 0.878560 -1.355875 -2.738596
54 0.877736 -1.356226 -2.742785
55 0.874907 -1.357418 -2.757097
55 0.874037 -1.357770 -2.761984
55 0.872096 -1.358545 -2.781182
55 0.869981 -1.359342 -2.798286
55 0.867853 -1.360102 -2.819754
55 0.867084 -1.360359 -2.826037
55 0.864611 -1.361166 -2.842618
55 0.863796 -1.361417 -2.850995
55 0.860282 -1.362468 -2.868972
55 0.856915 -1.363410 -2.887473
55 0.855305 -1.363828 -2.892534
55 0.850676 -1.365005 -2.904577
55 0.848893 -1.365436 -2.907893
55 0.843334 -1.366759 -2.913478
55 0.841506 -1.367183 -2.914176
55 0.835856 -1.368491 -2.915922
55 0.830369 -1.369751 -2.919238
55 0.824920 -1.370983 -2.921507
55 0.823006 -1.371411 -2.924125
55 0.817509 -1.372626 -2.928313
55 0.811966 -1.373826 -2.932328
55 0.806876 -1.374907 -2.935818
56 0.804914 -1.375316 -2.936866
56 0.800154 -1.376305 -2.938785
56 0.795309 -1.377301 -2.942800
56 0.791880 -1.377992 -2.953970
56 0.788571 -1.378620 -2.967234
56 0.785673 -1.379131 -2.983466
56 0.783483 -1.379480 -2.995858
56 0.781331 -1.379796 -3.012787
56 0.780866 -1.379856 -3.020641
56 0.778876 -1.380098 -3.040713
56 0.778197 -1.380167 -3.047345
56 0.775650 -1.380407 -3.067940
56 0.774714 -1.380476 -3.073001
56 0.771438 -1.380702 -3.089756
56 0.768159 -1.380872 -3.109828
56 0.763853 -1.381008 -3.125012
56 0.759120 -1.381087 -3.140196
56 0.757415 -1.381089 3.140022
56 0.751828 -1.381081 3.133739
56 0.745559 -1.381031 3.128328
57 0.743683 -1.381006 3.127979
57 0.737670 -1.380925 3.125187
57 0.732127 -1.380834 3.120823
57 0.726201 -1.380711 3.112969
57 0.720233 -1.380540 3.105290
57 0.715161 -1.380355 3.101799
57 0.709792 -1.380142 3.096738
57 0.708130 -1.380067 3.093422
57 0.704424 -1.379888 3.082077
57 0.699699 -1.379607 3.069860
57 0.698253 -1.379503 3.065671
57 0.690942 -1.378909 3.043331
57 0.685977 -1.378419 3.038095
57 0.680377 -1.377838 3.034953
57 0.678766 -1.377665 3.033208
57 0.674951 -1.377250 3.025877
57 0.673510 -1.377083 3.020118
57 0.670293 -1.376690 3.007900
57 0.666236 -1.376144 2.991320
58 0.662441 -1.375570 2.976834
58 0.660758 -1.375290 2.971598
58 0.655924 -1.374460 2.961300
58 0.650093 -1.373397 2.953621
58 0.638572 -1.371203 2.953272
58 0.632791 -1.370101 2.948385
58 0.630908 -1.369732 2.947338
58 0.625761 -1.368720 2.941054
58 0.620829 -1.367718 2.936167
58 0.619034 -1.367343 2.934073
58 0.615487 -1.366597 2.928139
58 0.611736 -1.365784 2.917143
58 0.611071 -1.365632 2.913478
58 0.608080 -1.364937 2.899341
58 0.606051 -1.364436 2.879270
58 0.603951 -1.363872 2.860071
58 0.602148 -1.363351 2.839651
58 0.601659 -1.363199 2.832669
58 0.600684 -1.362887 2.811027
59 0.599273 -1.362403 2.787116
59 0.598833 -1.362240 2.779786
59 0.597357 -1.361682 2.753082
59 0.595581 -1.360955 2.731964
59 0.593156 -1.359902 2.708576
59 0.590678 -1.358756 2.689552
59 0.587379 -1.357154 2.670179
59 0.583807 -1.355334 2.650457
59 0.582378 -1.354569 2.645919
59 0.577764 -1.352075 2.634924
59 0.572469 -1.349136 2.626546
59 0.570873 -1.348233 2.624975
59 0.565571 -1.345220 2.618867
59 0.563871 -1.344241 2.617819
59 0.558812 -1.341319 2.613980
59 0.553690 -1.338334 2.608744
59 0.552001 -1.337338 2.606824
59 0.546827 -1.334273 2.601064
59 0.541890 -1.331311 2.593734
59 0.540179 -1.330267 2.591639
59 0.535198 -1.327213 2.584309
60 0.529987 -1.323965 2.579771
60 0.525150 -1.320921 2.575582
60 0.520039 -1.317673 2.571219
60 0.515157 -1.314542 2.566856
60 0.510218 -1.311343 2.560747
60 0.505476 -1.308230 2.556733
60 0.500640 -1.305028 2.551846
60 0.499081 -1.303985 2.550450
60 0.494017 -1.300586 2.545737
60 0.489640 -1.297618 2.543817
60 0.485516 -1.294810 2.541548
60 0.481891 -1.292330 2.534218
60 0.478809 -1.290188 2.522873
60 0.477975 -1.289594 2.516416
60 0.475762 -1.287997 2.499835
60 0.473508 -1.286312 2.479240
60 0.472869 -1.285814 2.472782
60 0.470092 -1.283619 2.455678
60 0.469135 -1.282836 2.451140
61 0.466406 -1.280581 2.433862
61 0.465272 -1.279611 2.429847
61 0.461881 -1.276686 2.417456
61 0.457824 -1.273098 2.405064
61 0.453527 -1.269202 2.397035
61 0.451991 -1.267786 2.394766
61 0.447547 -1.263672 2.392323
61 0.443144 -1.259577 2.390054
61 0.441617 -1.258150 2.389181
61 0.437165 -1.253983 2.385167
61 0.435645 -1.252548 2.383073
61 0.431652 -1.248764 2.375568
61 0.430546 -1.247700 2.373299
61 0.426590 -1.243877 2.367016
61 0.423359 -1.240715 2.357940
61 0.420519 -1.237886 2.346770
61 0.419683 -1.237033 2.339788
61 0.416895 -1.234153 2.324604
61 0.414093 -1.231168 2.307151
61 0.410771 -1.227502 2.289174
61 0.409704 -1.226282 2.285858
61 0.405538 -1.221485 2.276258
62 0.401750 -1.217037 2.272593
62 0.397482 -1.211989 2.268753
62 0.393399 -1.207120 2.267881
62 0.389566 -1.202543 2.266310
62 0.385549 -1.197730 2.259852
62 0.384301 -1.196216 2.257409
62 0.380544 -1.191631 2.251126
62 0.379202 -1.189973 2.249904
62 0.375479 -1.185361 2.247286
62 0.370250 -1.178840 2.244668
62 0.366444 -1.174075 2.242224
62 0.362730 -1.169400 2.239606
62 0.358922 -1.164582 2.238036
62 0.355491 -1.160227 2.234894
62 0.354466 -1.158918 2.233847
62 0.351159 -1.154683 2.228262
62 0.348474 -1.151206 2.220408
62 0.347597 -1.150051 2.217092
63 0.345491 -1.147260 2.204176
63 0.343295 -1.144269 2.191610
63 0.341038 -1.141112 2.175029
63 0.338203 -1.137006 2.159496
63 0.335077 -1.132325 2.151118
63 0.331734 -1.127225 2.146057
63 0.330643 -1.125543 2.145010
63 0.327169 -1.120172 2.141694
63 0.323873 -1.115041 2.138203
63 0.322773 -1.113314 2.137156
63 0.319386 -1.107988 2.133665
63 0.315973 -1.102578 2.129651
63 0.312785 -1.097480 2.125811
63 0.309391 -1.092007 2.121971
63 0.306131 -1.086703 2.117783
63 0.304933 -1.084736 2.116561
63 0.301745 -1.079487 2.113070
63 0.300623 -1.077624 2.112023
63 0.297371 -1.072215 2.108532
63 0.296279 -1.070383 2.107311
63 0.292944 -1.064775 2.102075
64 0.289703 -1.059260 2.098060
64 0.286527 -1.053805 2.096140
64 0.283255 -1.048161 2.089857
64 0.280145 -1.042717 2.085843
64 0.277036 -1.037224 2.082701
64 0.276033 -1.035440 2.081654
64 0.272885 -1.029822 2.077989
64 0.269819 -1.024305 2.075022
64 0.267161 -1.019489 2.073975
64 0.264303 -1.014296 2.071880
64 0.261804 -1.009732 2.074149
64 0.260878 -1.008051 2.074149
64 0.258204 -1.003195 2.075196
64 0.255339 -0.998005 2.074149
64 0.250277 -0.988768 2.068041
64 0.247246 -0.983183 2.066993
64 0.246231 -0.981308 2.066644
64 0.243289 -0.975869 2.065423
65 0.240313 -0.970351 2.063328
65 0.237349 -0.964827 2.061234
65 0.234416 -0.959335 2.060187
65 0.233434 -0.957491 2.059489
65 0.231051 -0.953010 2.056696
65 0.228462 -0.948108 2.055125
65 0.227926 -0.947089 2.055649
65 0.225243 -0.941995 2.057220
65 0.222930 -0.937622 2.059489
65 0.219987 -0.932087 2.059663
65 0.216943 -0.926364 2.055998
65 0.213880 -0.920554 2.051809
65 0.210841 -0.914732 2.050587
65 0.209877 -0.912878 2.050413
65 0.206905 -0.907165 2.048493
65 0.203886 -0.901333 2.046399
65 0.200918 -0.895570 2.041861
65 0.197957 -0.889756 2.037672
65 0.195039 -0.883967 2.035403
66 0.194007 -0.881909 2.033483
66 0.191609 -0.877100 2.031040
66 0.188616 -0.871063 2.030865
66 0.187802 -0.869420 2.031912
66 0.185031 -0.863844 2.028422
66 0.182148 -0.857991 2.023709
66 0.181178 -0.855997 2.023186
66 0.178326 -0.850128 2.022488
66 0.175590 -0.844488 2.019695
66 0.174627 -0.842490 2.018822
66 0.171912 -0.836840 2.017077
66 0.170954 -0.834839 2.016379
66 0.168216 -0.829106 2.015506
66 0.165574 -0.823562 2.013935
66 0.163215 -0.818592 2.012190
66 0.162341 -0.816741 2.012714
66 0.160790 -0.813464 2.012888
66 0.160188 -0.812192 2.013935
66 0.159000 -0.809688 2.023360
66 0.158198 -0.808039 2.040290
66 0.158043 -0.807735 2.046748
66 0.157653 -0.806977 2.064899
67 0.157167 -0.806076 2.086890
67 0.156894 -0.805593 2.094046
67 0.156297 -0.804559 2.116561
67 0.155234 -0.802809 2.133316
67 0.154871 -0.802232 2.139425
67 0.153424 -0.799968 2.159147
67 0.151696 -0.797379 2.174506
67 0.149687 -0.794465 2.194402
67 0.147321 -0.791176 2.208191
67 0.143751 -0.786390 2.224248
67 0.140510 -0.782158 2.232102
67 0.139305 -0.780609 2.234021
67 0.135945 -0.776308 2.238559
67 0.134783 -0.774835 2.238734
67 0.131375 -0.770515 2.241352
67 0.128010 -0.766272 2.245192
67 0.124601 -0.762008 2.249904
67 0.121119 -0.757694 2.254965
67 0.117885 -0.753729 2.259503
68 0.114307 -0.749382 2.263867
68 0.113244 -0.748103 2.265088
68 0.109615 -0.743744 2.269975
68 0.106130 -0.739599 2.274164
68 0.102351 -0.735143 2.275386
68 0.098787 -0.730952 2.278353
68 0.095184 -0.726738 2.281669
68 0.091761 -0.722763 2.285858
68 0.088658 -0.719189 2.288999
68 0.085851 -0.715978 2.287254
68 0.085179 -0.715206 2.287429
68 0.082742 -0.712409 2.286032
68 0.081623 -0.711121 2.280273
68 0.080818 -0.710182 2.271022
68 0.080378 -0.709661 2.251300
68 0.080244 -0.709495 2.232800
68 0.079956 -0.709125 2.213950
68 0.079904 -0.709057 2.197544
69 0.079804 -0.708919 2.175727
69 0.079780 -0.708883 2.168921
69 0.079564 -0.708566 2.149198
69 0.079191 -0.707995 2.129127
69 0.078536 -0.706946 2.111674
69 0.077614 -0.705411 2.093697
69 0.076549 -0.703563 2.083749
69 0.075481 -0.701668 2.069262
69 0.075074 -0.700919 2.064725
69 0.073395 -0.697802 2.051635
69 0.071837 -0.694815 2.038196
69 0.071184 -0.693521 2.034879
69 0.069103 -0.689364 2.028073
69 0.066900 -0.684887 2.025629
69 0.064708 -0.680405 2.024931
69 0.062838 -0.676573 2.025978
69 0.061450 -0.673738 2.028771
69 0.059866 -0.670525 2.033309
70 0.059410 -0.669609 2.034530
70 0.057483 -0.665757 2.039941
70 0.055189 -0.661230 2.043257
70 0.052666 -0.656293 2.040464
70 0.050292 -0.651616 2.040115
70 0.047977 -0.647052 2.040464
70 0.047244 -0.645607 2.040464
70 0.044812 -0.640815 2.039941
70 0.042459 -0.636174 2.039766
70 0.041592 -0.634463 2.039417
70 0.039319 -0.629973 2.040464
70 0.038451 -0.628262 2.040813
70 0.036094 -0.623623 2.040988
70 0.035341 -0.622140 2.041337
70 0.033253 -0.618035 2.040290
70 0.031439 -0.614460 2.039941
70 0.029935 -0.611493 2.038370
70 0.029377 -0.610389 2.039068
70 0.028357 -0.608372 2.038719
70 0.027242 -0.606165 2.034879
70 0.027032 -0.605745 2.033483
70 0.026575 -0.604829 2.029469
71 0.026424 -0.604523 2.026502
71 0.026236 -0.604140 2.013586
71 0.026218 -0.604102 2.009398
71 0.026055 -0.603754 1.997878
71 0.026002 -0.603638 1.985836
71 0.025882 -0.603365 1.971000
71 0.025782 -0.603129 1.951627
71 0.025750 -0.603050 1.944471
71 0.025719 -0.602970 1.936966
71 0.025704 -0.602931 1.929636
71 0.025572 -0.602570 1.898220
71 0.025449 -0.602207 1.878498
71 0.025384 -0.602004 1.852667
71 0.025325 -0.601799 1.831199
71 0.025149 -0.601139 1.806939
71 0.025009 -0.600559 1.785472
71 0.024918 -0.600142 1.763655
71 0.024894 -0.600017 1.757547
71 0.024831 -0.599681 1.737475
71 0.024746 -0.599177 1.713739
72 0.024691 -0.598797 1.695064
72 0.024659 -0.598543 1.671153
72 0.024638 -0.598331 1.649511
72 0.024604 -0.597906 1.625076
72 0.024597 -0.597778 1.617920
72 0.024581 -0.597437 1.595929
72 0.024574 -0.597139 1.570796
72 0.024574 -0.597053 1.563815
72 0.024577 -0.596670 1.538333
72 0.024589 -0.596286 1.515818
72 0.024603 -0.596030 1.492257
72 0.024610 -0.595945 1.470440
72 0.024652 -0.595521 1.446529
72 0.024668 -0.595394 1.435708
72 0.024720 -0.595014 1.415637
72 0.024753 -0.594803 1.389108
72 0.024855 -0.594258 1.357517
72 0.024918 -0.593967 1.333432
72 0.024928 -0.593925 1.325927
73 0.024970 -0.593760 1.301492
73 0.025072 -0.593390 1.274788
73 0.025109 -0.593267 1.267633
73 0.025236 -0.592860 1.245118
73 0.025359 -0.592497 1.218240
73 0.025389 -0.592417 1.210735
73 0.025524 -0.592057 1.183682
73 0.025685 -0.591662 1.161517
73 0.025770 -0.591467 1.140224
73 0.025859 -0.591273 1.111426
73 0.026105 -0.590776 1.085246
73 0.026184 -0.590625 1.058717
73 0.026331 -0.590365 1.034631
73 0.026614 -0.589888 1.007579
73 0.026682 -0.589780 1.000423
73 0.026728 -0.589708 0.979130
73 0.026895 -0.589461 0.950855
73 0.027093 -0.589183 0.926770
73 0.027221 -0.589013 0.899892
74 0.027353 -0.588846 0.877377
74 0.027381 -0.588813 0.866032
74 0.027546 -0.588618 0.842121
74 0.027717 -0.588427 0.813847
74 0.027746 -0.588396 0.806342
74 0.027894 -0.588242 0.783304
74 0.027894 -0.588242 0.775275
74 0.028107 -0.588033 0.750317
74 0.028200 -0.587946 0.744383
74 0.028357 -0.587801 0.731642
74 0.028548 -0.587630 0.719425
74 0.028644 -0.587546 0.709302
74 0.028773 -0.587435 0.703019
74 0.028904 -0.587325 0.691674
74 0.029166 -0.587107 0.685565
74 0.029232 -0.587053 0.683995
74 0.029232 -0.587053 0.682947
74 0.029232 -0.587053 0.682075
74 0.029232 -0.587053 0.682075
74 0.029232 -0.587053 0.682075
74 0.029232 -0.587053 0.682075
75 0.029232 -0.587053 0.682075
75 0.029232 -0.587053 0.682249
75 0.029232 -0.587053 0.682249
75 0.029232 -0.587053 0.682249
75 0.029232 -0.587053 0.682249
75 0.029232 -0.587053 0.682249
75 0.029232 -0.587053 0.682249
75 0.029232 -0.587053 0.682249
75 0.029232 -0.587053 0.682249
75 0.029232 -0.587053 0.682249
75 0.029232 -0.587053 0.682249
75 0.029232 -0.587053 0.682249
75 0.029232 -0.587053 0.682249
75 0.029232 -0.587053 0.682249
75 0.029232 -0.587053 0.682249
75 0.029232 -0.587053 0.682249
75 0.029232 -0.587053 0.682249
75 0.029232 -0.587053 0.682249
76 0.029232 -0.587053 0.682249
76 0.029232 -0.587053 0.682249
76 0.029232 -0.587053 0.682249
76 0.029232 -0.587053 0.682249
76 0.029232 -0.587053 0.682249
76 0.029232 -0.587053 0.682249
76 0.029232 -0.587053 0.682249
76 0.029232 -0.587053 0.682249
76 0.029232 -0.587053 0.682249
76 0.029232 -0.587053 0.682249
76 0.029232 -0.587053 0.682249
76 0.029232 -0.587053 0.682249
76 0.029232 -0.587053 0.682249
76 0.029232 -0.587053 0.682249
76 0.029232 -0.587053 0.682249
76 0.029232 -0.587053 0.682249
76 0.029232 -0.587053 0.682249
76 0.029232 -0.587053 0.682249
76 0.029232 -0.587053 0.682249
77 0.029232 -0.587053 0.682249
77 0.029232 -0.587053 0.682249
77 0.029232 -0.587053 0.682249
77 0.029232 -0.587053 0.682249
77 0.029232 -0.587053 0.682249
77 0.029232 -0.587053 0.682249
77 0.029232 -0.587053 0.682249
77 0.029232 -0.587053 0.682249
77 0.029232 -0.587053 0.682249
77 0.029232 -0.587053 0.682249
77 0.029232 -0.587053 0.682249
77 0.029232 -0.587053 0.682249
77 0.029232 -0.587053 0.682249
77 0.029232 -0.587053 0.682249
77 0.029232 -0.587053 0.682249
77 0.029232 -0.587053 0.682249
77 0.029232 -0.587053 0.682249
77 0.029232 -0.587053 0.682249
77 0.029232 -0.587053 0.682249
78 0.029232 -0.587053 0.682249
78 0.029232 -0.587053 0.682249
