8 0.202048 -0.952222 0.493873
9 0.303750 -0.896905 0.542002
11 0.365525 -0.860406 0.575504
12 0.511433 -0.766798 0.584617
13 0.654994 -0.658167 0.593524
15 0.810305 -0.559763 0.637389
17 0.903340 -0.469294 0.609605
18 1.028959 -0.365622 0.583383
20 1.181924 -0.255805 0.591392
21 1.314022 -0.154611 0.604617
23 1.388559 -0.100985 0.454747
24 1.483068 -0.070521 0.114023
26 1.648103 -0.046965 -0.213785
27 1.675846 -0.143070 -0.555118
28 1.799647 -0.177569 -0.869166
30 1.853293 -0.288240 -1.109371
32 1.931678 -0.408865 -1.138054
33 1.993171 -0.505675 -1.158946
35 2.091864 -0.639759 -1.519012
36 2.106140 -0.683021 -2.057336
38 2.059512 -0.646390 -2.270628
40 1.932901 -0.807896 -2.382958
41 1.797613 -0.943734 -2.507018
43 1.593781 -1.112183 -2.592502
44 1.535832 -1.127056 -2.593174
46 1.459092 -1.208209 -2.423927
47 1.340985 -1.329770 -2.317997
49 1.319521 -1.366637 -2.270541
51 1.154090 -1.475742 -2.414744
52 1.074926 -1.624614 -2.395348
54 0.979976 -1.711134 -2.470455
55 0.895215 -1.773720 -2.751760
57 0.792815 -1.819238 -3.009873
58 0.748058 -1.798496 2.977641
60 0.553511 -1.610697 2.695773
62 0.434069 -1.549221 2.380365
64 0.257812 -1.384514 2.067399
65 0.251761 -1.359508 2.092203
67 0.158420 -1.260647 2.237826
68 0.084258 -1.182076 2.282755
70 0.021745 -1.105262 2.094551
72 0.029616 -1.075070 1.716103
73 0.034001 -1.058661 1.069302
75 -0.008327 -1.080330 0.708754
76 -0.004536 -1.052897 0.692909
